Starting time: 12.08.24-14.17

Hyperopt trials
tid,loss,learning_rate,n_modules,batch_size,time,n_epochs,n_params,perf_time
0,0.132836,0.003147,2,7,46.721,21,25230,46.718069
1,0.133278,0.000636,3,8,86.03,21,65358,86.027832
2,0.133278,0.000406,3,8,80.634,21,65358,80.631008
3,0.130902,0.000027,1,8,21.539,21,3534,21.532455
4,0.133223,0.002404,2,8,44.91,21,25230,44.903480
5,0.132836,0.000110,2,7,48.851,21,25230,48.847001
6,0.133223,0.003865,1,8,20.058,21,3534,20.054492
7,0.133278,0.000303,3,7,89.691,21,65358,89.687223
8,0.133223,0.000025,1,7,31.477,21,3534,31.472605
9,0.133333,0.000269,1,7,23.408,21,3534,23.405629
10,0.133333,0.002841,3,7,89.037,21,65358,89.032927
11,0.133278,0.000141,1,7,35.53,21,3534,35.525076
12,0.133333,0.000084,2,7,49.528,21,25230,49.523196
13,0.092831,0.002552,1,8,21.414,21,3534,21.409750
14,0.132836,0.000117,1,7,25.445,21,3534,25.441556
15,0.133278,0.000020,1,7,32.193,21,3534,32.187499
16,0.133333,0.000136,3,8,82.327,21,65358,82.322004
17,0.133278,0.000161,1,8,24.096,21,3534,24.093256
18,0.132836,0.001214,1,7,25.889,21,3534,25.885343
19,0.133333,0.000687,1,8,18.612,21,3534,18.609947

Best parameters:{'batch_size': 9, 'embedding_size': 8, 'input_length': 35, 'learning_rate': 0.002551521383638185, 'model_type': 'ACT', 'n_classes': 15, 'n_modules': 1, 'vocab_size': 15}

Model parameters: 3534
Best Time taken: 21.409750
Brier score: 1.486123
Accuracy: 0.256938[[  0,   0,   0, 488,   0,   0,   0,   0,   0,   0,   0,   0],
 [  0,   0,   0,   1,   0,   0,   0,   0,   0,   0,   0,   0],
 [  0,   0,   0, 928,   0,   0,   0,   0,   0,   0,   0,   0],
 [  0,   0,   0, 898,   0,   0,   0,   0,   0,   0,   0,   0],
 [  0,   0,   0, 118,   0,   0,   0,   0,   0,   0,   0,   0],
 [  0,   0,   0,   1,   0,   0,   0,   0,   0,   0,   0,   0],
 [  0,   0,   0, 916,   0,   0,   0,   0,   0,   0,   0,   0],
 [  0,   0,   0,  22,   0,   0,   0,   0,   0,   0,   0,   0],
 [  0,   0,   0,   1,   0,   0,   0,   0,   0,   0,   0,   0],
 [  0,   0,   0,   8,   0,   0,   0,   0,   0,   0,   0,   0],
 [  0,   0,   0,  12,   0,   0,   0,   0,   0,   0,   0,   0],
 [  0,   0,   0, 102,   0,   0,   0,   0,   0,   0,   0,   0]]

Final Brier score:  [1.4861231]
Final Accuracy score:  [0.2569384835479256]

MCC: 0.0
Weighted Precision: 0.06601738432790763
Weighted Recall: 0.2569384835479256
Weighted F1: 0.10504473399774059