Starting time: 09.08.24-00.08

Hyperopt trials
tid,loss,learning_rate,n_modules,batch_size,time,n_epochs,n_params,perf_time
0,0.133333,0.003147,2,7,66.834,21,25230,66.832872
1,0.133333,0.000636,3,8,116.609,21,65358,116.606637
2,0.092831,0.000406,3,8,112.654,21,65358,112.650456
3,0.130902,0.000027,1,8,23.502,21,3534,23.498858
4,0.133278,0.002404,2,8,56.39,21,25230,56.387578
5,0.133333,0.000110,2,7,62.063,21,25230,62.060187
6,0.133278,0.003865,1,8,23.821,21,3534,23.818834
7,0.133278,0.000303,3,7,124.471,21,65358,124.469803
8,0.133278,0.000025,1,7,28.218,21,3534,28.214261
9,0.093107,0.000269,1,7,27.412,21,3534,27.409302
10,0.133333,0.002841,3,7,121.389,21,65358,121.386257
11,0.133333,0.000141,1,7,27.8,21,3534,27.797407
12,0.132836,0.000084,2,7,61.761,21,25230,61.758756
13,0.124492,0.002552,1,8,22.613,21,3534,22.610317
14,0.133333,0.000117,1,7,28.05,21,3534,28.048302
15,0.133333,0.000020,1,7,26.663,21,3534,26.660678
16,0.132836,0.000136,3,8,111.197,21,65358,111.194029
17,0.092831,0.000161,1,8,23.427,21,3534,23.424693
18,0.133333,0.001214,1,7,28.369,21,3534,28.366819
19,0.133333,0.000687,1,8,22.383,21,3534,22.380402

Best parameters:{'batch_size': 9, 'embedding_size': 8, 'input_length': 55, 'learning_rate': 0.0004055589542616806, 'model_type': 'ACT', 'n_classes': 15, 'n_modules': 3, 'vocab_size': 15}

Model parameters: 65358
Best Time taken: 112.650456
Brier score: 1.486123
Accuracy: 0.256938[[  0,   0,   0,   0,   0,   0,   0,   0,   0, 916,   0,   0],
 [  0,   0,   0,   0,   0,   0,   0,   0,   0, 102,   0,   0],
 [  0,   0,   0,   0,   0,   0,   0,   0,   0,   1,   0,   0],
 [  0,   0,   0,   0,   0,   0,   0,   0,   0, 488,   0,   0],
 [  0,   0,   0,   0,   0,   0,   0,   0,   0, 118,   0,   0],
 [  0,   0,   0,   0,   0,   0,   0,   0,   0,   8,   0,   0],
 [  0,   0,   0,   0,   0,   0,   0,   0,   0,  12,   0,   0],
 [  0,   0,   0,   0,   0,   0,   0,   0,   0,   1,   0,   0],
 [  0,   0,   0,   0,   0,   0,   0,   0,   0,   1,   0,   0],
 [  0,   0,   0,   0,   0,   0,   0,   0,   0, 898,   0,   0],
 [  0,   0,   0,   0,   0,   0,   0,   0,   0,  22,   0,   0],
 [  0,   0,   0,   0,   0,   0,   0,   0,   0, 928,   0,   0]]

Final Brier score:  [1.4861231]
Final Accuracy score:  [0.2569384835479256]

MCC: 0.0
Weighted Precision: 0.06601738432790763
Weighted Recall: 0.2569384835479256
Weighted F1: 0.10504473399774059