Starting time: 09.08.24-00.29

Hyperopt trials
tid,loss,learning_rate,n_modules,batch_size,time,n_epochs,n_params,perf_time
0,0.133333,0.003147,2,7,60.429,21,25230,60.426413
1,0.092831,0.000636,3,8,101.293,21,65358,101.289753
2,0.093107,0.000406,3,8,98.667,21,65358,98.664599
3,0.130902,0.000027,1,8,20.685,21,3534,20.682972
4,0.133223,0.002404,2,8,49.455,21,25230,49.451560
5,0.133333,0.000110,2,7,55.978,21,25230,55.975229
6,0.133223,0.003865,1,8,20.571,21,3534,20.568076
7,0.092831,0.000303,3,7,110.66,21,65358,110.656944
8,0.133223,0.000025,1,7,30.759,21,3534,30.756829
9,0.133278,0.000269,1,7,24.899,21,3534,24.896586
10,0.133333,0.002841,3,7,107.573,21,65358,107.569694
11,0.092831,0.000141,1,7,28.925,21,3534,28.922121
12,0.133278,0.000084,2,7,56.454,21,25230,56.450710
13,0.133333,0.002552,1,8,20.693,21,3534,20.690600
14,0.133333,0.000117,1,7,26.881,21,3534,26.879347
15,0.092831,0.000020,1,7,24.393,21,3534,24.391027
16,0.133278,0.000136,3,8,95.722,21,65358,95.719393
17,0.093107,0.000161,1,8,20.383,21,3534,20.379553
18,0.133333,0.001214,1,7,27.558,21,3534,27.555630
19,0.133333,0.000687,1,8,19.957,21,3534,19.955063

Best parameters:{'batch_size': 9, 'embedding_size': 8, 'input_length': 36, 'learning_rate': 0.0006357579272687451, 'model_type': 'ACT', 'n_classes': 15, 'n_modules': 3, 'vocab_size': 15}

Model parameters: 65358
Best Time taken: 101.289753
Brier score: 1.475823
Accuracy: 0.262089[[  0,   0,   0,   0,   1,   0,   0,   0,   0,   0,   0,   0],
 [  0,   0,   0,   0, 102,   0,   0,   0,   0,   0,   0,   0],
 [  0,   0,   0,   0,   1,   0,   0,   0,   0,   0,   0,   0],
 [  0,   0,   0,   0, 118,   0,   0,   0,   0,   0,   0,   0],
 [  0,   0,   0,   0, 916,   0,   0,   0,   0,   0,   0,   0],
 [  0,   0,   0,   0,  22,   0,   0,   0,   0,   0,   0,   0],
 [  0,   0,   0,   0, 898,   0,   0,   0,   0,   0,   0,   0],
 [  0,   0,   0,   0,   1,   0,   0,   0,   0,   0,   0,   0],
 [  0,   0,   0,   0,   8,   0,   0,   0,   0,   0,   0,   0],
 [  0,   0,   0,   0, 928,   0,   0,   0,   0,   0,   0,   0],
 [  0,   0,   0,   0, 488,   0,   0,   0,   0,   0,   0,   0],
 [  0,   0,   0,   0,  12,   0,   0,   0,   0,   0,   0,   0]]

Final Brier score:  [1.4758226]
Final Accuracy score:  [0.2620886981402003]

MCC: 0.0
Weighted Precision: 0.06869048569282503
Weighted Recall: 0.2620886981402003
Weighted F1: 0.10885207322440422