Starting time: 09.08.24-00.47

Hyperopt trials
tid,loss,learning_rate,n_modules,batch_size,time,n_epochs,n_params,perf_time
0,0.093107,0.003147,2,7,87.483,21,25230,87.480343
1,0.092831,0.000636,3,8,151.784,21,65358,151.780655
2,0.133223,0.000406,3,8,149.638,21,65358,149.635484
3,0.132836,0.000027,1,8,29.719,21,3534,29.716905
4,0.124492,0.002404,2,8,74.386,21,25230,74.382191
5,0.093107,0.000110,2,7,84.948,21,25230,84.944448
6,0.124492,0.003865,1,8,28.996,21,3534,28.992904
7,0.133333,0.000303,3,7,160.51,21,65358,160.506966
8,0.124492,0.000025,1,7,36.634,21,3534,36.631803
9,0.133333,0.000269,1,7,36.306,21,3534,36.303394
10,0.092831,0.002841,3,7,157.551,21,65358,157.549142
11,0.092831,0.000141,1,7,37.284,21,3534,37.282362
12,0.133278,0.000084,2,7,82.132,21,25230,82.130175
13,0.133278,0.002552,1,8,29.871,21,3534,29.868457
14,0.093107,0.000117,1,7,37.764,21,3534,37.760956
15,0.092831,0.000020,1,7,35.477,21,3534,35.474807
16,0.133278,0.000136,3,8,146.804,21,65358,146.801160
17,0.133223,0.000161,1,8,31.81,21,3534,31.807189
18,0.093107,0.001214,1,7,39.199,21,3534,39.196567
19,0.092831,0.000687,1,8,28.863,21,3534,28.859651

Best parameters:{'batch_size': 9, 'embedding_size': 8, 'input_length': 49, 'learning_rate': 0.0006357579272687451, 'model_type': 'ACT', 'n_classes': 15, 'n_modules': 3, 'vocab_size': 15}

Model parameters: 65358
Best Time taken: 151.780655
Brier score: 1.475823
Accuracy: 0.262089[[  0,   0,   0,   0,  12,   0,   0,   0,   0,   0,   0,   0],
 [  0,   0,   0,   0,   1,   0,   0,   0,   0,   0,   0,   0],
 [  0,   0,   0,   0,   1,   0,   0,   0,   0,   0,   0,   0],
 [  0,   0,   0,   0, 102,   0,   0,   0,   0,   0,   0,   0],
 [  0,   0,   0,   0, 916,   0,   0,   0,   0,   0,   0,   0],
 [  0,   0,   0,   0, 488,   0,   0,   0,   0,   0,   0,   0],
 [  0,   0,   0,   0,   1,   0,   0,   0,   0,   0,   0,   0],
 [  0,   0,   0,   0, 898,   0,   0,   0,   0,   0,   0,   0],
 [  0,   0,   0,   0,  22,   0,   0,   0,   0,   0,   0,   0],
 [  0,   0,   0,   0, 118,   0,   0,   0,   0,   0,   0,   0],
 [  0,   0,   0,   0, 928,   0,   0,   0,   0,   0,   0,   0],
 [  0,   0,   0,   0,   8,   0,   0,   0,   0,   0,   0,   0]]

Final Brier score:  [1.4758226]
Final Accuracy score:  [0.2620886981402003]

MCC: 0.0
Weighted Precision: 0.06869048569282503
Weighted Recall: 0.2620886981402003
Weighted F1: 0.10885207322440422