Starting time: 09.08.24-01.14

Hyperopt trials
tid,loss,learning_rate,n_modules,batch_size,time,n_epochs,n_params,perf_time
0,0.092831,0.003147,2,7,114.084,21,25230,114.081511
1,0.133333,0.000636,3,8,201.758,21,65358,201.755046
2,0.093107,0.000406,3,8,199.853,21,65358,199.851782
3,0.092831,0.000027,1,8,40.081,21,3534,40.077783
4,0.133278,0.002404,2,8,98.394,21,25230,98.391513
5,0.092831,0.000110,2,7,109.544,21,25230,109.541946
6,0.133278,0.003865,1,8,43.548,21,3534,43.545281
7,0.133278,0.000303,3,7,211.923,21,65358,211.920265
8,0.133278,0.000025,1,7,46.861,21,3534,46.858419
9,0.133333,0.000269,1,7,46.284,21,3534,46.281527
10,0.130902,0.002841,3,7,208.854,21,65358,208.851636
11,0.133333,0.000141,1,7,46.755,21,3534,46.752453
12,0.133278,0.000084,2,7,107.121,21,25230,107.118596
13,0.132836,0.002552,1,8,37.837,21,3534,37.836150
14,0.092831,0.000117,1,7,46.611,21,3534,46.608392
15,0.133333,0.000020,1,7,47.374,21,3534,47.371383
16,0.133278,0.000136,3,8,196.721,21,65358,196.719323
17,0.093107,0.000161,1,8,37.639,21,3534,37.635557
18,0.092831,0.001214,1,7,46.598,21,3534,46.595709
19,0.130902,0.000687,1,8,37.813,21,3534,37.810254

Best parameters:{'batch_size': 9, 'embedding_size': 8, 'input_length': 57, 'learning_rate': 2.659364889512201e-05, 'model_type': 'ACT', 'n_classes': 15, 'n_modules': 1, 'vocab_size': 15}

Model parameters: 3534
Best Time taken: 40.077783
Brier score: 1.475823
Accuracy: 0.262089[[  0,   0,   0, 488,   0,   0,   0,   0,   0,   0,   0,   0],
 [  0,   0,   0,  22,   0,   0,   0,   0,   0,   0,   0,   0],
 [  0,   0,   0, 102,   0,   0,   0,   0,   0,   0,   0,   0],
 [  0,   0,   0, 916,   0,   0,   0,   0,   0,   0,   0,   0],
 [  0,   0,   0,   8,   0,   0,   0,   0,   0,   0,   0,   0],
 [  0,   0,   0,   1,   0,   0,   0,   0,   0,   0,   0,   0],
 [  0,   0,   0,   1,   0,   0,   0,   0,   0,   0,   0,   0],
 [  0,   0,   0,  12,   0,   0,   0,   0,   0,   0,   0,   0],
 [  0,   0,   0, 118,   0,   0,   0,   0,   0,   0,   0,   0],
 [  0,   0,   0, 928,   0,   0,   0,   0,   0,   0,   0,   0],
 [  0,   0,   0,   1,   0,   0,   0,   0,   0,   0,   0,   0],
 [  0,   0,   0, 898,   0,   0,   0,   0,   0,   0,   0,   0]]

Final Brier score:  [1.4758226]
Final Accuracy score:  [0.2620886981402003]

MCC: 0.0
Weighted Precision: 0.06869048569282503
Weighted Recall: 0.2620886981402003
Weighted F1: 0.10885207322440422