Starting time: 09.08.24-01.47

Hyperopt trials
tid,loss,learning_rate,n_modules,batch_size,time,n_epochs,n_params,perf_time
0,0.093107,0.003147,2,7,103.667,21,25230,103.663763
1,0.133333,0.000636,3,8,182.704,21,65358,182.700205
2,0.133333,0.000406,3,8,179.304,21,65358,179.302477
3,0.133278,0.000027,1,8,39.762,21,3534,39.759192
4,0.092831,0.002404,2,8,89.387,21,25230,89.384196
5,0.093107,0.000110,2,7,100.314,21,25230,100.310230
6,0.092831,0.003865,1,8,36.571,21,3534,36.567766
7,0.133333,0.000303,3,7,199.051,21,65358,199.049051
8,0.092831,0.000025,1,7,46.408,21,3534,46.405851
9,0.130902,0.000269,1,7,43.652,21,3534,43.650347
10,0.133223,0.002841,3,7,195.077,21,65358,195.073675
11,0.133333,0.000141,1,7,45.823,21,3534,45.820844
12,0.133278,0.000084,2,7,98.43,21,25230,98.428049
13,0.133278,0.002552,1,8,37.01,21,3534,37.007812
14,0.093107,0.000117,1,7,46.877,21,3534,46.874191
15,0.133333,0.000020,1,7,42.714,21,3534,42.711844
16,0.133278,0.000136,3,8,176.045,21,65358,176.042989
17,0.133333,0.000161,1,8,34.666,21,3534,34.663712
18,0.093107,0.001214,1,7,45.7,21,3534,45.697387
19,0.133223,0.000687,1,8,34.495,21,3534,34.492998

Best parameters:{'batch_size': 9, 'embedding_size': 8, 'input_length': 44, 'learning_rate': 0.002403915551389309, 'model_type': 'ACT', 'n_classes': 15, 'n_modules': 2, 'vocab_size': 15}

Model parameters: 25230
Best Time taken: 89.384196
Brier score: 1.486123
Accuracy: 0.256938[[  0,   0,   0,   0, 488,   0,   0,   0,   0,   0,   0,   0],
 [  0,   0,   0,   0,  12,   0,   0,   0,   0,   0,   0,   0],
 [  0,   0,   0,   0,   8,   0,   0,   0,   0,   0,   0,   0],
 [  0,   0,   0,   0,   1,   0,   0,   0,   0,   0,   0,   0],
 [  0,   0,   0,   0, 898,   0,   0,   0,   0,   0,   0,   0],
 [  0,   0,   0,   0,   1,   0,   0,   0,   0,   0,   0,   0],
 [  0,   0,   0,   0, 102,   0,   0,   0,   0,   0,   0,   0],
 [  0,   0,   0,   0,  22,   0,   0,   0,   0,   0,   0,   0],
 [  0,   0,   0,   0,   1,   0,   0,   0,   0,   0,   0,   0],
 [  0,   0,   0,   0, 916,   0,   0,   0,   0,   0,   0,   0],
 [  0,   0,   0,   0, 928,   0,   0,   0,   0,   0,   0,   0],
 [  0,   0,   0,   0, 118,   0,   0,   0,   0,   0,   0,   0]]

Final Brier score:  [1.4861231]
Final Accuracy score:  [0.2569384835479256]

MCC: 0.0
Weighted Precision: 0.06601738432790763
Weighted Recall: 0.2569384835479256
Weighted F1: 0.10504473399774059