Starting time: 09.08.24-02.19

Hyperopt trials
tid,loss,learning_rate,n_modules,batch_size,time,n_epochs,n_params,perf_time
0,0.132836,0.003147,2,7,149.109,21,25230,149.106756
1,0.093107,0.000636,3,8,268.454,21,65358,268.450173
2,0.092831,0.000406,3,8,268.123,21,65358,268.120452
3,0.133333,0.000027,1,8,50.775,21,3534,50.773543
4,0.133278,0.002404,2,8,132.11,21,25230,132.107332
5,0.132836,0.000110,2,7,144.166,21,25230,144.163601
6,0.133278,0.003865,1,8,51.105,21,3534,51.102217
7,0.133333,0.000303,3,7,282.932,21,65358,282.929374
8,0.133278,0.000025,1,7,61.904,21,3534,61.902683
9,0.130902,0.000269,1,7,61.418,21,3534,61.415451
10,0.092831,0.002841,3,7,279.971,21,65358,279.968720
11,0.093107,0.000141,1,7,60.913,21,3534,60.910727
12,0.133278,0.000084,2,7,144.533,21,25230,144.530613
13,0.133333,0.002552,1,8,53.91,21,3534,53.908437
14,0.132836,0.000117,1,7,61.744,21,3534,61.743122
15,0.093107,0.000020,1,7,60.766,21,3534,60.763150
16,0.133278,0.000136,3,8,265.455,21,65358,265.452689
17,0.092831,0.000161,1,8,50.72,21,3534,50.718290
18,0.132836,0.001214,1,7,61.276,21,3534,61.273791
19,0.092831,0.000687,1,8,50.46,21,3534,50.456754

Best parameters:{'batch_size': 9, 'embedding_size': 8, 'input_length': 64, 'learning_rate': 0.0004055589542616806, 'model_type': 'ACT', 'n_classes': 15, 'n_modules': 3, 'vocab_size': 15}

Model parameters: 65358
Best Time taken: 268.120452
Brier score: 1.475823
Accuracy: 0.262089[[  0,   0,   0,   0,   0,   0,   0,   0,   8,   0,   0,   0],
 [  0,   0,   0,   0,   0,   0,   0,   0,  12,   0,   0,   0],
 [  0,   0,   0,   0,   0,   0,   0,   0, 488,   0,   0,   0],
 [  0,   0,   0,   0,   0,   0,   0,   0,   1,   0,   0,   0],
 [  0,   0,   0,   0,   0,   0,   0,   0, 928,   0,   0,   0],
 [  0,   0,   0,   0,   0,   0,   0,   0,   1,   0,   0,   0],
 [  0,   0,   0,   0,   0,   0,   0,   0,   1,   0,   0,   0],
 [  0,   0,   0,   0,   0,   0,   0,   0, 898,   0,   0,   0],
 [  0,   0,   0,   0,   0,   0,   0,   0, 916,   0,   0,   0],
 [  0,   0,   0,   0,   0,   0,   0,   0,  22,   0,   0,   0],
 [  0,   0,   0,   0,   0,   0,   0,   0, 102,   0,   0,   0],
 [  0,   0,   0,   0,   0,   0,   0,   0, 118,   0,   0,   0]]

Final Brier score:  [1.4758226]
Final Accuracy score:  [0.2620886981402003]

MCC: 0.0
Weighted Precision: 0.06869048569282503
Weighted Recall: 0.2620886981402003
Weighted F1: 0.10885207322440422