Starting time: 19.08.24-13.58

Hyperopt trials
tid,loss,learning_rate,n_modules,batch_size,time,n_epochs,n_params,perf_time
0,0.005012,0.003147,2,7,1724.173,21,332814,1724.169495
1,0.005013,0.000636,3,7,2760.397,21,446670,2760.389335
2,0.004920,0.000406,3,7,2757.885,21,446670,2757.877982
3,0.005012,0.000027,1,7,988.355,21,237390,988.351996
4,0.005013,0.002404,2,7,1762.512,21,332814,1762.507615
5,0.005012,0.000110,2,7,1727.082,21,332814,1727.077991
6,0.005011,0.003865,1,7,964.794,21,237390,964.789073
7,0.005013,0.000303,3,7,2752.522,21,446670,2752.513488
8,0.005013,0.000025,1,7,967.586,21,237390,967.582267
9,0.005004,0.000269,1,7,967.353,21,237390,967.350954
10,0.004978,0.002841,3,7,2727.377,21,446670,2727.373166
11,0.005013,0.000141,1,7,937.186,21,237390,937.183856
12,0.005013,0.000084,2,7,1701.585,21,332814,1701.582853
13,0.005003,0.002552,1,7,936.753,21,237390,936.750836
14,0.005012,0.000117,1,7,934.792,21,237390,934.788894
15,0.005012,0.000020,1,7,936.362,21,237390,936.359570
16,0.005003,0.000136,3,7,2726.046,21,446670,2726.043261
17,0.005013,0.000161,1,7,936.217,21,237390,936.213962
18,0.005012,0.001214,1,7,936.447,21,237390,936.444074
19,0.005013,0.000687,1,7,936.382,21,237390,936.379242

Best parameters:{'batch_size': 8, 'embedding_size': 200, 'input_length': 194, 'learning_rate': 0.0004055589542616806, 'model_type': 'ACT', 'n_classes': 399, 'n_modules': 3, 'vocab_size': 399}

Model parameters: 446670
Best Time taken: 2757.877982
Brier score: 1.956748
Accuracy: 0.021626[[0, 0, 0, ..., 0, 0, 0],
 [0, 0, 0, ..., 0, 0, 0],
 [0, 0, 0, ..., 0, 0, 0],
 ...,
 [0, 0, 0, ..., 0, 0, 0],
 [0, 0, 0, ..., 0, 0, 0],
 [0, 0, 0, ..., 0, 0, 0]]

Final Brier score:  [1.9567482]
Final Accuracy score:  [0.021625872407352798]

MCC: 0.0
Weighted Precision: 0.00046767835737910305
Weighted Recall: 0.021625872407352798
Weighted F1: 0.000915556995981452