Starting time: 16.08.24-21.34

Hyperopt trials
tid,loss,learning_rate,n_modules,batch_size,time,n_epochs,n_params,perf_time
0,0.002188,0.003147,2,7,2009.646,30,332814,2009.642576
1,0.002177,0.000636,3,8,6354.958,59,446670,6354.954066
2,0.002142,0.000406,3,8,7964.941,74,446670,7963.798514
3,0.002500,0.000027,1,8,1163.992,32,237390,1163.988575
4,0.002124,0.002404,2,8,3066.039,46,332814,3066.036042
5,0.002223,0.000110,2,7,9187.94,137,332814,9187.936736
6,0.002270,0.003865,1,8,1029.704,28,237390,1029.701674
7,0.002154,0.000303,3,7,9438.121,87,446670,9438.118152
8,0.002500,0.000025,1,7,915.37,25,237390,915.367267
9,0.002332,0.000269,1,7,2673.075,73,237390,2673.072901
10,0.002145,0.002841,3,7,3084.782,28,446670,3084.775809
11,0.002344,0.000141,1,7,3470.162,92,237390,3470.159157
12,0.002222,0.000084,2,7,10938.176,161,332814,10938.167460
13,0.002226,0.002552,1,8,1385.667,35,237390,1385.659875
14,0.002272,0.000117,1,7,4958.379,127,237390,4958.372398
15,0.002500,0.000020,1,7,1002.565,26,237390,1002.562162
16,0.002302,0.000136,3,8,12685.054,113,446670,12685.042668
17,0.002295,0.000161,1,8,4783.796,127,237390,4783.479489
18,0.002206,0.001214,1,7,1748.193,36,237390,1748.190362
19,0.002282,0.000687,1,8,1758.783,48,237390,1758.780848

Best parameters:{'batch_size': 9, 'embedding_size': 200, 'input_length': 101, 'learning_rate': 0.002403915551389309, 'model_type': 'ACT', 'n_classes': 399, 'n_modules': 2, 'vocab_size': 399}

Model parameters: 332814
Best Time taken: 3066.036042
Brier score: 0.977144
Accuracy: 0.185688[[  0,   0,   0, ...,   0,   0,   0],
 [  0,   0,   0, ...,   0,   0,   0],
 [  0,   0,   0, ...,   0,   0,   0],
 ...,
 [  0,   1,   0, ..., 138,   0,   0],
 [  0,   0,   0, ...,   0,   0,   0],
 [  0,   0,   0, ...,   0,   0,   0]]

Final Brier score:  [0.9771436]
Final Accuracy score:  [0.18568760444313379]

MCC: 0.1782814786909914
Weighted Precision: 0.25399424637887924
Weighted Recall: 0.18568760444313379
Weighted F1: 0.1860958547031425