Starting time: 17.08.24-23.14

Hyperopt trials
tid,loss,learning_rate,n_modules,batch_size,time,n_epochs,n_params,perf_time
0,0.002209,0.003147,2,7,2274.12,34,332814,2274.117497
1,0.002178,0.000636,3,8,7689.153,71,446670,7689.149153
2,0.002194,0.000406,3,8,6711.269,62,446670,6711.266485
3,0.002499,0.000027,1,8,1148.512,31,237390,1148.508666
4,0.002162,0.002404,2,8,2351.061,35,332814,2349.032105
5,0.002151,0.000110,2,7,11899.646,176,332814,11899.642094
6,0.002144,0.003865,1,8,1179.187,32,237390,1179.183823
7,0.002203,0.000303,3,7,6874.031,63,446670,6874.027793
8,0.002499,0.000025,1,7,962.748,26,237390,962.746254
9,0.002270,0.000269,1,7,2327.423,63,237390,2327.420235
10,0.002135,0.002841,3,7,3017.208,28,446670,3017.204364
11,0.002247,0.000141,1,7,4586.469,123,237390,4586.466380
12,0.002264,0.000084,2,7,11860.686,174,332814,11860.680553
13,0.002226,0.002552,1,8,1395.188,37,237390,1395.183834
14,0.002306,0.000117,1,7,4378.934,111,237390,4378.927985
15,0.002500,0.000020,1,7,1000.409,26,237390,1000.406498
16,0.002244,0.000136,3,8,15455.544,144,446670,15455.537326
17,0.002273,0.000161,1,8,4898.433,134,237390,4898.429753
18,0.002276,0.001214,1,7,1177.615,32,237390,1177.611811
19,0.002298,0.000687,1,8,1539.208,42,237390,1539.205583

Best parameters:{'batch_size': 8, 'embedding_size': 200, 'input_length': 101, 'learning_rate': 0.002841123150877313, 'model_type': 'ACT', 'n_classes': 399, 'n_modules': 3, 'vocab_size': 399}

Model parameters: 446670
Best Time taken: 3017.204364
Brier score: 1.041332
Accuracy: 0.181362[[0, 0, 0, ..., 0, 0, 0],
 [0, 0, 0, ..., 0, 0, 0],
 [0, 0, 0, ..., 0, 0, 0],
 ...,
 [0, 0, 0, ..., 0, 0, 0],
 [0, 0, 0, ..., 0, 2, 0],
 [0, 0, 0, ..., 0, 0, 0]]

Final Brier score:  [1.0413316]
Final Accuracy score:  [0.1813624299616632]

MCC: 0.17439820248798774
Weighted Precision: 0.2603560188966472
Weighted Recall: 0.1813624299616632
Weighted F1: 0.18390184869995346