Starting time: 12.08.24-20.13

Hyperopt trials
tid,loss,learning_rate,n_modules,batch_size,time,n_epochs,n_params,perf_time
0,0.075733,0.003147,2,7,36.5,50,21160,36.496585
1,0.075257,0.000636,3,8,95.837,86,59368,95.833449
2,0.074894,0.000406,3,8,92.223,86,59368,92.218978
3,0.144649,0.000027,1,8,48.019,200,1384,48.016900
4,0.076133,0.002404,2,8,40.471,74,21160,40.468488
5,0.082191,0.000110,2,7,108.936,178,21160,108.933041
6,0.078701,0.003865,1,8,16.028,59,1384,16.025047
7,0.078459,0.000303,3,7,85.178,74,59368,85.174409
8,0.135377,0.000025,1,7,78.153,200,1384,78.150495
9,0.082167,0.000269,1,7,53.43,176,1384,53.427216
10,0.076532,0.002841,3,7,70.705,63,59368,70.701935
11,0.085026,0.000141,1,7,76.323,200,1384,76.320585
12,0.082814,0.000084,2,7,103.91,176,21160,103.907803
13,0.076514,0.002552,1,8,21.74,86,1384,21.737092
14,0.083683,0.000117,1,7,70.293,200,1384,70.289514
15,0.135700,0.000020,1,7,62.894,200,1384,62.891866
16,0.083154,0.000136,3,8,133.723,132,59368,133.720078
17,0.087357,0.000161,1,8,46.983,200,1384,46.980161
18,0.078398,0.001214,1,7,32.976,86,1384,32.974160
19,0.082681,0.000687,1,8,34.754,159,1384,34.751213

Best parameters:{'batch_size': 9, 'embedding_size': 3, 'input_length': 35, 'learning_rate': 0.0004055589542616806, 'model_type': 'ACT', 'n_classes': 5, 'n_modules': 3, 'vocab_size': 5}

Model parameters: 59368
Best Time taken: 92.218978
Brier score: 0.374054
Accuracy: 0.711514[[ 20,   0,   0, 127],
 [  1,   0,   0,  76],
 [  0,   0, 295,   2],
 [  7,   0,  10, 235]]

Final Brier score:  [0.37405443]
Final Accuracy score:  [0.7115135834411385]

MCC: 0.6096402393369723
Weighted Precision: 0.6815694749972526
Weighted Recall: 0.7115135834411385
Weighted F1: 0.6414434716473881