Starting time: 12.08.24-18.59

Hyperopt trials
tid,loss,learning_rate,n_modules,batch_size,time,n_epochs,n_params,perf_time
0,0.080712,0.003147,2,7,73.11,54,21160,73.107813
1,0.084498,0.000636,3,8,99.291,43,59368,99.286785
2,0.082099,0.000406,3,8,151.389,68,59368,151.386812
3,0.128688,0.000027,1,8,82.144,200,1384,82.141825
4,0.081273,0.002404,2,8,46.896,43,21160,46.893724
5,0.085567,0.000110,2,7,147.451,117,21160,147.448081
6,0.084084,0.003865,1,8,24.756,43,1384,24.753298
7,0.084031,0.000303,3,7,201.733,85,59368,201.730021
8,0.105205,0.000025,1,7,154.372,200,1384,154.368901
9,0.087611,0.000269,1,7,79.39,115,1384,79.387078
10,0.079583,0.002841,3,7,106.288,46,59368,106.283506
11,0.089310,0.000141,1,7,144.311,200,1384,144.308820
12,0.086986,0.000084,2,7,144.978,115,21160,144.975241
13,0.083600,0.002552,1,8,31.307,68,1384,31.304391
14,0.093104,0.000117,1,7,142.031,200,1384,142.028086
15,0.119527,0.000020,1,7,134.878,200,1384,134.875686
16,0.085571,0.000136,3,8,254.133,119,59368,254.130035
17,0.089722,0.000161,1,8,91.943,200,1384,91.939772
18,0.080712,0.001214,1,7,111.837,155,1384,111.835184
19,0.088145,0.000687,1,8,46.664,115,1384,46.661353

Best parameters:{'batch_size': 8, 'embedding_size': 3, 'input_length': 35, 'learning_rate': 0.002841123150877313, 'model_type': 'ACT', 'n_classes': 5, 'n_modules': 3, 'vocab_size': 5}

Model parameters: 59368
Best Time taken: 106.283506
Brier score: 0.388668
Accuracy: 0.708926[[ 25,   1,   1, 120],
 [ 10,   1,   0,  66],
 [  0,   0, 295,   2],
 [ 14,   0,  11, 227]]

Final Brier score:  [0.38866797]
Final Accuracy score:  [0.7089262613195343]

MCC: 0.5946831434291242
Weighted Precision: 0.6943490858140349
Weighted Recall: 0.7089262613195343
Weighted F1: 0.648242558874388