Starting time: 14.08.24-20.16

Hyperopt trials
tid,loss,learning_rate,n_modules,batch_size,time,n_epochs,n_params,perf_time
0,0.400000,0.003147,2,7,25.516,21,21160,25.514280
1,0.361194,0.000636,3,8,40.682,21,59368,40.679000
2,0.361194,0.000406,3,8,37.765,21,59368,37.762620
3,0.361194,0.000027,1,8,8.736,21,1384,8.733329
4,0.400000,0.002404,2,8,21.428,21,21160,21.426120
5,0.257910,0.000110,2,7,26.69,21,21160,26.686203
6,0.274627,0.003865,1,8,8.521,21,1384,8.519185
7,0.257910,0.000303,3,7,41.316,21,59368,41.314132
8,0.257910,0.000025,1,7,11.264,21,1384,11.261505
9,0.361194,0.000269,1,7,10.375,21,1384,10.373282
10,0.400000,0.002841,3,7,41.119,21,59368,41.116026
11,0.274627,0.000141,1,7,10.932,21,1384,10.930154
12,0.306269,0.000084,2,7,22.968,21,21160,22.965772
13,0.361194,0.002552,1,8,8.762,21,1384,8.759832
14,0.400000,0.000117,1,7,10.599,21,1384,10.597255
15,0.257910,0.000020,1,7,10.261,21,1384,10.258732
16,0.257910,0.000136,3,8,37.66,21,59368,37.656566
17,0.361194,0.000161,1,8,8.575,21,1384,8.573217
18,0.400000,0.001214,1,7,11.001,21,1384,10.998882
19,0.274627,0.000687,1,8,8.556,21,1384,8.553725

Best parameters:{'batch_size': 9, 'embedding_size': 3, 'input_length': 43, 'learning_rate': 0.00013618946512119413, 'model_type': 'ACT', 'n_classes': 5, 'n_modules': 3, 'vocab_size': 5}

Model parameters: 59368
Best Time taken: 37.656566
Brier score: 1.231565
Accuracy: 0.384217[[  0,   0, 147,   0],
 [  0,   0,  77,   0],
 [  0,   0, 297,   0],
 [  0,   0, 252,   0]]

Final Brier score:  [1.2315654]
Final Accuracy score:  [0.38421733505821476]

MCC: 0.0
Weighted Precision: 0.14762296055923646
Weighted Recall: 0.38421733505821476
Weighted F1: 0.21329448320054165