Starting time: 16.08.24-05.15

Hyperopt trials
tid,loss,learning_rate,n_modules,batch_size,time,n_epochs,n_params,perf_time
0,0.002187,0.003147,2,7,948.806,30,332814,948.804122
1,0.002261,0.000636,3,8,3601.467,73,446670,3601.464639
2,0.002239,0.000406,3,8,4638.695,94,446670,4638.691575
3,0.002428,0.000027,1,8,5017.693,200,237390,5017.700415
4,0.002200,0.002404,2,8,1359.773,46,332814,1359.770006
5,0.002271,0.000110,2,7,3696.217,122,332814,3696.213853
6,0.002224,0.003865,1,8,567.095,35,237390,567.092381
7,0.002257,0.000303,3,7,3671.728,75,446670,3671.724827
8,0.002464,0.000025,1,7,1426.767,85,237390,1426.764855
9,0.002277,0.000269,1,7,1976.167,118,237390,1976.165242
10,0.002162,0.002841,3,7,1510.402,31,446670,1510.399625
11,0.002383,0.000141,1,7,792.821,47,237390,792.818298
12,0.002302,0.000084,2,7,9448.521,178,332814,9448.523007
13,0.002272,0.002552,1,8,623.781,36,237390,623.775368
14,0.002290,0.000117,1,7,3508.302,200,237390,3508.286638
15,0.002474,0.000020,1,7,3172.496,99,237390,3172.491357
16,0.002330,0.000136,3,8,6699.747,119,446670,6699.742395
17,0.002342,0.000161,1,8,2547.81,157,237390,2547.807736
18,0.002323,0.001214,1,7,659.043,39,237390,659.040674
19,0.002384,0.000687,1,8,765.146,47,237390,765.142417

Best parameters:{'batch_size': 8, 'embedding_size': 200, 'input_length': 101, 'learning_rate': 0.002841123150877313, 'model_type': 'ACT', 'n_classes': 399, 'n_modules': 3, 'vocab_size': 399}

Model parameters: 446670
Best Time taken: 1510.399625
Brier score: 1.081927
Accuracy: 0.203480[[ 0,  0,  0, ...,  0,  0,  0],
 [ 0,  0,  0, ...,  0,  0,  0],
 [ 0,  0,  4, ...,  0, 68,  0],
 ...,
 [ 0,  0,  0, ...,  0,  0,  0],
 [ 0, 28,  0, ...,  0, 64,  0],
 [ 0,  0,  0, ...,  0,  1,  3]]

Final Brier score:  [1.081927]
Final Accuracy score:  [0.20347979946918313]

MCC: 0.19732698162787482
Weighted Precision: 0.2987776668782253
Weighted Recall: 0.20347979946918313
Weighted F1: 0.20446105568610934