Starting time: 12.08.24-18.18

Hyperopt trials
tid,loss,learning_rate,n_modules,batch_size,time,n_epochs,n_params,perf_time
0,0.078809,0.003147,2,7,67.147,51,21160,67.143483
1,0.082079,0.000636,3,8,144.33,65,59368,144.326978
2,0.082808,0.000406,3,8,141.492,65,59368,141.488145
3,0.116612,0.000027,1,8,84.179,200,1384,84.175979
4,0.080813,0.002404,2,8,77.985,74,21160,77.981414
5,0.086606,0.000110,2,7,171.686,139,21160,171.682885
6,0.081702,0.003865,1,8,31.241,65,1384,31.236774
7,0.079424,0.000303,3,7,370.254,157,59368,370.250233
8,0.099901,0.000025,1,7,149.248,200,1384,149.245732
9,0.085009,0.000269,1,7,118.872,181,1384,118.870110
10,0.080690,0.002841,3,7,152.72,65,59368,152.714136
11,0.093836,0.000141,1,7,58.911,60,1384,58.900815
12,0.084708,0.000084,2,7,224.022,181,21160,224.017785
13,0.081470,0.002552,1,8,41.184,95,1384,41.181323
14,0.093244,0.000117,1,7,52.198,68,1384,52.195574
15,0.112222,0.000020,1,7,138.713,200,1384,138.709438
16,0.086474,0.000136,3,8,159.925,76,59368,159.920899
17,0.089596,0.000161,1,8,85.137,200,1384,85.134067
18,0.082502,0.001214,1,7,40.835,65,1384,40.832415
19,0.086760,0.000687,1,8,40.254,86,1384,40.249350

Best parameters:{'batch_size': 8, 'embedding_size': 3, 'input_length': 35, 'learning_rate': 0.0031469953191648947, 'model_type': 'ACT', 'n_classes': 5, 'n_modules': 2, 'vocab_size': 5}

Model parameters: 21160
Best Time taken: 67.143483
Brier score: 0.396982
Accuracy: 0.706339[[289,   8,   0,   0],
 [ 11, 217,   5,  19],
 [  0,  61,   3,  13],
 [  1, 105,   4,  37]]

Final Brier score:  [0.39698246]
Final Accuracy score:  [0.7063389391979301]

MCC: 0.5837031442596476
Weighted Precision: 0.6767041822621812
Weighted Recall: 0.7063389391979301
Weighted F1: 0.6632719458686508