Starting time: 08.08.24-22.11

Hyperopt trials
tid,loss,learning_rate,n_modules,batch_size,time,n_epochs,n_params,perf_time
0,0.012876,0.003147,2,7,102.76,29,25230,102.757169
1,0.013017,0.000636,3,8,107.517,39,65358,107.514791
2,0.013380,0.000406,3,8,81.668,29,65358,81.663883
3,0.013936,0.000027,1,8,134.392,200,3534,134.389170
4,0.013150,0.002404,2,8,58.304,39,25230,58.301120
5,0.013792,0.000110,2,7,71.389,36,25230,71.385751
6,0.013104,0.003865,1,8,19.781,22,3534,19.778540
7,0.013435,0.000303,3,7,134.189,39,65358,134.185346
8,0.013863,0.000025,1,7,175.926,158,3534,175.923297
9,0.013732,0.000269,1,7,31.98,35,3534,31.978662
10,0.012619,0.002841,3,7,95.417,29,65358,95.413687
11,0.013810,0.000141,1,7,54.678,46,3534,54.675936
12,0.013355,0.000084,2,7,71.788,41,25230,71.787032
13,0.013533,0.002552,1,8,20.821,23,3534,20.819874
14,0.013568,0.000117,1,7,53.348,53,3534,53.346512
15,0.013223,0.000020,1,7,210.675,200,3534,210.673969
16,0.013638,0.000136,3,8,83.645,31,65358,83.642419
17,0.013648,0.000161,1,8,49.434,58,3534,49.431610
18,0.013652,0.001214,1,7,27.285,23,3534,27.283736
19,0.013379,0.000687,1,8,20.48,31,3534,20.477165

Best parameters:{'batch_size': 8, 'embedding_size': 8, 'input_length': 15, 'learning_rate': 0.002841123150877313, 'model_type': 'ACT', 'n_classes': 15, 'n_modules': 3, 'vocab_size': 15}

Model parameters: 65358
Best Time taken: 95.413687
Brier score: 0.402770
Accuracy: 0.715594[[  0,   0,   0,   0,   1,   0,   0,   0,   0,   0,   0,   0,   0],
 [  0,   0,   0,   0,   1,   0,   0,   0,   0,   0,   0,   0,   0],
 [  0,   0,   3,   0, 449,   3,   0,   0,  29,   0,   0,   0,   4],
 [  0,   0,   0,   0,   6,   0,   0,   0,   0,   0,   0,   0,   2],
 [  0,   0,   1,   0, 680,  43,   0,   0, 203,   0,   0,   0,   1],
 [  0,   0,   0,   0,   5, 873,   0,   0,  20,   0,   0,   0,   0],
 [  0,   0,   0,   0,  20,   0,   0,   0,   1,   0,   0,   0,   1],
 [  0,   0,   0,   0,   0,   0,   0,   0,   0,   0,   0,   0,   0],
 [  0,   0,   0,   0,  48,  18,   0,   0,  49,   0,   2,   0,   1],
 [  0,   0,   0,   0,   1,   0,   0,   0,   0,   0,   0,   0,   0],
 [  0,   0,   0,   0,  10,   8,   0,   1,   1,   0, 896,   0,   0],
 [  0,   0,   0,   0,  98,   1,   0,   0,   3,   0,   0,   0,   0],
 [  0,   0,   0,   0,   3,   1,   0,   0,   8,   0,   0,   0,   0]]

Final Brier score:  [0.40276992]
Final Accuracy score:  [0.7155937052932761]

MCC: 0.6413330560355583
Weighted Precision: 0.7449328253936862
Weighted Recall: 0.7155937052932761
Weighted F1: 0.6719169286335023