Starting time: 09.08.24-13.18

Hyperopt trials
tid,loss,learning_rate,n_modules,batch_size,time,n_epochs,n_params,perf_time
0,0.014123,0.003147,2,7,38.276,33,25028,38.274152
1,0.014150,0.000636,3,8,80.883,48,65060,80.881487
2,0.014371,0.000406,3,8,78.187,48,65060,78.184299
3,0.019419,0.000027,1,8,84.383,200,3428,84.380645
4,0.014108,0.002404,2,8,29.125,31,25028,29.122187
5,0.014653,0.000110,2,7,83.131,68,25028,83.129394
6,0.013937,0.003865,1,8,13.549,23,3428,13.546940
7,0.014011,0.000303,3,7,90.143,45,65060,90.140589
8,0.015387,0.000025,1,7,137.146,200,3428,137.143615
9,0.014696,0.000269,1,7,58.712,102,3428,58.710997
10,0.014226,0.002841,3,7,40.068,21,65060,40.065425
11,0.014992,0.000141,1,7,38.783,52,3428,38.781413
12,0.014656,0.000084,2,7,108.817,102,25028,108.814106
13,0.014120,0.002552,1,8,25.816,48,3428,25.814066
14,0.014776,0.000117,1,7,30.479,56,3428,30.475587
15,0.015412,0.000020,1,7,131.385,200,3428,131.384040
16,0.014419,0.000136,3,8,143.122,89,65060,143.119654
17,0.015326,0.000161,1,8,40.262,77,3428,40.260605
18,0.014075,0.001214,1,7,29.522,45,3428,29.519365
19,0.014538,0.000687,1,8,35.015,89,3428,35.013059

Best parameters:{'batch_size': 9, 'embedding_size': 8, 'input_length': 15, 'learning_rate': 0.0038645448445301968, 'model_type': 'ACT', 'n_classes': 14, 'n_modules': 1, 'vocab_size': 15}

Model parameters: 3428
Best Time taken: 13.546940
Brier score: 0.417571
Accuracy: 0.672103[[  0,   1,   0,   0,   0,   0,   0,   0,   0,   0,   0,   0],
 [  0, 483,   1,  60,   0,   0,   0,   0,   0,   0,   0, 384],
 [  0,   4, 897,   8,   0,   0,   0,   0,   0,   0,   0,   7],
 [  0,   2,   1, 895,   0,   0,   0,   0,   0,   0,   0,   0],
 [  0,  94,   0,   1,   0,   0,   0,   0,   0,   0,   0,   7],
 [  0,   1,   0,   0,   0,   0,   0,   0,   0,   0,   0,   0],
 [  0,   0,   0,   1,   0,   0,   0,   0,   0,   0,   0,  11],
 [  0,  20,   0,   0,   0,   0,   0,   0,   0,   0,   0,   2],
 [  0,   8,   0,   0,   0,   0,   0,   0,   0,   0,   0,   0],
 [  0,   1,   0,   0,   0,   0,   0,   0,   0,   0,   0,   0],
 [  0, 432,   0,   4,   0,   0,   0,   0,   0,   0,   0,  52],
 [  0,  23,   2,  19,   0,   0,   0,   0,   0,   0,   0,  74]]

Final Brier score:  [0.41757065]
Final Accuracy score:  [0.6721030042918454]

MCC: 0.5903567258723026
Weighted Precision: 0.6183000205681773
Weighted Recall: 0.6721030042918454
Weighted F1: 0.6386997329802776