Starting time: 08.08.24-22.40

Hyperopt trials
tid,loss,learning_rate,n_modules,batch_size,time,n_epochs,n_params,perf_time
0,0.012735,0.003147,2,7,55.898,29,25230,55.894859
1,0.013401,0.000636,3,8,109.327,39,65358,109.324916
2,0.013465,0.000406,3,8,70.103,25,65358,70.100043
3,0.013619,0.000027,1,8,162.406,200,3534,162.403464
4,0.013125,0.002404,2,8,56.706,39,25230,56.703731
5,0.013740,0.000110,2,7,63.87,33,25230,63.867557
6,0.013391,0.003865,1,8,25.889,29,3534,25.886437
7,0.013333,0.000303,3,7,76.901,23,65358,76.898094
8,0.013407,0.000025,1,7,183.948,158,3534,183.945095
9,0.013308,0.000269,1,7,33.294,35,3534,33.292315
10,0.012801,0.002841,3,7,95.214,29,65358,95.211719
11,0.014082,0.000141,1,7,63.947,53,3534,63.944162
12,0.013853,0.000084,2,7,74.136,41,25230,74.135386
13,0.013534,0.002552,1,8,16.333,23,3534,16.331551
14,0.013653,0.000117,1,7,56.887,53,3534,56.884528
15,0.013791,0.000020,1,7,200.041,193,3534,200.039657
16,0.013591,0.000136,3,8,94.514,35,65358,94.512010
17,0.013782,0.000161,1,8,45.263,62,3534,45.262106
18,0.013399,0.001214,1,7,25.898,23,3534,25.896095
19,0.013732,0.000687,1,8,18.7,29,3534,18.698659

Best parameters:{'batch_size': 8, 'embedding_size': 8, 'input_length': 15, 'learning_rate': 0.0031469953191648947, 'model_type': 'ACT', 'n_classes': 15, 'n_modules': 2, 'vocab_size': 15}

Model parameters: 25230
Best Time taken: 55.894859
Brier score: 0.399784
Accuracy: 0.721316[[  0,   0,   0,   0,  21,   0,   0,   0,   0,   0,   0,   1,   0],
 [  0,   0,   0,   0,   1,   0,   0,   0,   0,   0,   0,   0,   0],
 [  0,   0,   0,   0,   1,   0,   0,   0,   0,   0,   0,   0,   0],
 [  0,   0,   0,   0, 459,   3,   0,   0,   0,   0,   8,  18,   0],
 [  0,   1,   0,   0, 708,  43,   0,   0,   0,   0,   6, 159,  11],
 [  0,   0,   0,   0,   4, 872,   0,   0,   0,   0,   0,   3,  19],
 [  0,   0,   0,   0,   8,   0,   0,   0,   0,   0,   0,   0,   0],
 [  0,   0,   0,   0,   1,   0,   0,   0,   0,   0,   0,   0,   0],
 [  0,   0,   0,   0,  10,   8,   0,   0, 896,   0,   0,   1,   1],
 [  0,   0,   0,   0,  98,   1,   0,   0,   0,   0,   0,   3,   0],
 [  0,   0,   0,   0,   3,   1,   0,   0,   0,   0,   0,   8,   0],
 [  0,   0,   0,   0,  51,  19,   0,   0,   3,   0,   0,  45,   0],
 [  0,   0,   0,   0,   0,   0,   0,   0,   0,   0,   0,   0,   0]]

Final Brier score:  [0.39978364]
Final Accuracy score:  [0.7213161659513591]

MCC: 0.6486150663216441
Weighted Precision: 0.6419087651572872
Weighted Recall: 0.7213161659513591
Weighted F1: 0.6741442864267555