Starting time: 08.08.24-23.07

Hyperopt trials
tid,loss,learning_rate,n_modules,batch_size,time,n_epochs,n_params,perf_time
0,0.012640,0.003147,2,7,53.404,29,25230,53.401820
1,0.013279,0.000636,3,8,65.768,23,65358,65.765113
2,0.013406,0.000406,3,8,68.912,25,65358,68.910146
3,0.013674,0.000027,1,8,130.755,200,3534,130.753228
4,0.013091,0.002404,2,8,55.893,39,25230,55.892108
5,0.013537,0.000110,2,7,60.8,33,25230,60.796870
6,0.012772,0.003865,1,8,17.584,22,3534,17.581072
7,0.013458,0.000303,3,7,93.96,29,65358,93.956686
8,0.013397,0.000025,1,7,176.581,159,3534,176.579312
9,0.013421,0.000269,1,7,30.352,33,3534,30.351412
10,0.012690,0.002841,3,7,92.692,29,65358,92.689667
11,0.014066,0.000141,1,7,53.746,46,3534,53.744576
12,0.013506,0.000084,2,7,63.603,36,25230,63.599423
13,0.013585,0.002552,1,8,41.939,61,3534,41.936759
14,0.013561,0.000117,1,7,53.616,50,3534,53.613785
15,0.013469,0.000020,1,7,209.174,199,3534,209.171220
16,0.013552,0.000136,3,8,82.95,31,65358,82.948212
17,0.013543,0.000161,1,8,42.556,58,3534,42.554596
18,0.013723,0.001214,1,7,25.608,23,3534,25.607404
19,0.013472,0.000687,1,8,19.14,31,3534,19.136932

Best parameters:{'batch_size': 8, 'embedding_size': 8, 'input_length': 15, 'learning_rate': 0.0031469953191648947, 'model_type': 'ACT', 'n_classes': 15, 'n_modules': 2, 'vocab_size': 15}

Model parameters: 25230
Best Time taken: 53.401820
Brier score: 0.394005
Accuracy: 0.723033[[  0,   0,   0,   0,   0,   0,   0,   0,   0,   0,   0,   0,   0],
 [  0,  48,   0,   2,   0,  19,   0,   0,   0,  49,   0,   0,   0],
 [  0,   0,   0,   0,   0,   0,   0,   0,   0,   1,   0,   0,   0],
 [  0,   1,   0, 896,   0,   8,   0,   0,   0,  10,   0,   0,   1],
 [  0,   3,   0,   0,   0,   1,   0,   0,   0,  96,   2,   0,   0],
 [ 20,   0,   0,   0,   0, 876,   0,   0,   0,   2,   0,   0,   0],
 [  0,   0,   0,   0,   0,   0,   0,   0,   0,   1,   0,   0,   0],
 [  0,   0,   0,   0,   0,   0,   0,   0,   0,   1,   0,   0,   0],
 [  0,   0,   0,   0,   0,   0,   0,   0,   0,   4,   4,   0,   0],
 [ 14, 154,   0,   0,   0,  44,   0,   0,   0, 707,   8,   0,   1],
 [  0,   9,   0,   0,   0,   1,   0,   0,   0,   2,   0,   0,   0],
 [  0,  19,   0,   0,   0,   3,   0,   0,   0, 458,   8,   0,   0],
 [  0,   1,   0,   0,   0,   0,   0,   0,   0,  21,   0,   0,   0]]

Final Brier score:  [0.39400512]
Final Accuracy score:  [0.723032904148784]

MCC: 0.6508287361539813
Weighted Precision: 0.6436769869674789
Weighted Recall: 0.723032904148784
Weighted F1: 0.676090007953785