prefix_length;ground_truth;predicted;prediction_probs
1;3;3;[3.4314131e-03,2.4475154e-04,1.3457325e-02,9.7348398e-01,9.3824873e-03]
1;3;3;[3.13370721e-03,1.86106263e-04,1.38739785e-02,9.74876642e-01,7.92958774e-03]
1;3;3;[4.6813390e-03,8.0821477e-04,1.1855999e-02,9.6410024e-01,1.8554298e-02]
2;4;4;[0.3396853 ,0.04932143,0.00107332,0.00205257,0.60786736]
3;4;4;[4.2138499e-01,1.9444600e-02,5.5653387e-04,2.0348669e-03,5.5657899e-01]
4;0;4;[0.45170304,0.0094908 ,0.00114523,0.00155316,0.5361078 ]
4;3;3;[9.0386027e-05,4.8941809e-05,1.2978376e-01,8.6559588e-01,4.4810921e-03]
2;4;4;[0.18505396,0.13115342,0.0007292 ,0.00228687,0.68077654]
3;0;4;[1.1571488e-01,1.8206015e-01,1.9950204e-04,1.0813300e-03,7.0094413e-01]
3;3;3;[1.2695789e-03,2.1560179e-04,4.6329968e-02,9.4694918e-01,5.2356375e-03]
1;3;3;[4.2381748e-03,5.1243836e-04,1.2542863e-02,9.6825403e-01,1.4452472e-02]
2;4;4;[3.2892267e-03,4.0222354e-02,1.5054461e-05,2.3176899e-04,9.5624155e-01]
3;4;4;[4.0060562e-01,1.4740743e-01,2.0532461e-05,3.8279220e-03,4.4813851e-01]
4;4;4;[3.0866534e-01,4.2978711e-02,3.8296123e-05,1.1172439e-02,6.3714522e-01]
5;4;0;[4.7184911e-01,1.4685494e-01,5.4901484e-05,5.0061983e-03,3.7623489e-01]
6;4;4;[4.0663758e-01,1.3041273e-01,9.2593684e-05,5.5974512e-03,4.5725957e-01]
7;1;0;[4.5682928e-01,1.0539031e-01,8.3149615e-05,5.9517957e-03,4.3174541e-01]
8;4;4;[1.3645836e-02,1.2684643e-02,5.6982826e-05,1.6451640e-03,9.7196734e-01]
9;4;4;[1.3197802e-01,1.6867019e-01,7.4608693e-06,2.9451578e-04,6.9904983e-01]
10;4;4;[1.3956688e-01,1.5493268e-01,6.4062639e-05,3.0968259e-03,7.0233959e-01]
11;4;4;[2.4610466e-01,1.5188289e-01,4.3217475e-05,4.2139916e-03,5.9775525e-01]
12;1;4;[2.00834349e-01,1.18828721e-01,1.01494545e-04,5.72405569e-03,6.74511373e-01]
13;4;4;[4.5530465e-02,4.2214714e-02,1.8879281e-04,1.0813961e-02,9.0125203e-01]
14;4;4;[2.5042698e-01,1.3557203e-01,3.7730671e-05,8.4836707e-03,6.0547960e-01]
15;0;4;[3.8815933e-01,1.4789651e-01,9.1697417e-05,2.0891316e-02,4.4296122e-01]
15;3;3;[1.6192789e-03,4.3280597e-04,1.5535428e-03,9.7719300e-01,1.9201370e-02]
2;0;4;[3.2294996e-02,2.9608874e-02,5.1934127e-04,1.4184621e-03,9.3615836e-01]
2;3;3;[3.0329384e-04,3.5225571e-04,2.0011663e-02,9.6358877e-01,1.5743991e-02]
1;3;3;[3.7136844e-03,3.1462446e-04,1.3152356e-02,9.7189993e-01,1.0919415e-02]
1;3;3;[4.2820461e-03,5.3741044e-04,1.2465982e-02,9.6788555e-01,1.4829040e-02]
1;3;3;[3.74437240e-03,3.22970911e-04,1.31207211e-02,9.71718550e-01,1.10933995e-02]
2;4;4;[0.35582033,0.04144163,0.00105216,0.00219236,0.5994935 ]
3;4;4;[2.0472640e-01,8.3130598e-02,6.6097052e-04,1.8360486e-03,7.0964599e-01]
4;0;4;[0.35289294,0.01301761,0.00064728,0.00124811,0.63219404]
4;3;3;[9.0868189e-04,1.6896985e-04,3.1165040e-01,6.8079245e-01,6.4794756e-03]
1;3;3;[2.7717757e-03,1.3042227e-04,1.4520941e-02,9.7622085e-01,6.3559921e-03]
2;0;4;[0.2663559 ,0.13254784,0.00101163,0.00199848,0.5980862 ]
2;3;3;[1.6154248e-03,2.0837723e-04,5.6078579e-02,9.3573868e-01,6.3589909e-03]
2;4;4;[0.23574908,0.07168903,0.00096345,0.00284506,0.68875337]
3;4;4;[1.8308090e-01,5.6004722e-02,2.1525411e-04,1.7226883e-03,7.5897640e-01]
4;0;4;[1.9069017e-01,2.3113297e-02,4.7553686e-04,4.2285831e-03,7.8149235e-01]
4;3;3;[1.4875601e-03,1.1056437e-04,9.4224975e-02,8.9784276e-01,6.3340911e-03]
2;4;4;[4.0092850e-03,1.0264664e-01,3.1108586e-05,4.8223542e-04,8.9283073e-01]
3;1;4;[3.2494161e-02,1.7379916e-01,4.9561877e-06,1.0971325e-03,7.9260457e-01]
4;4;4;[6.1612269e-03,4.6114624e-02,1.0730977e-05,8.7904755e-04,9.4683439e-01]
5;0;0;[4.7966000e-01,1.5104271e-01,1.4374642e-05,3.6903112e-03,3.6559257e-01]
5;3;3;[8.1555666e-03,3.5102270e-03,4.7457212e-04,9.5616263e-01,3.1697035e-02]
1;3;3;[3.4939244e-03,2.5918565e-04,1.3387478e-02,9.7314644e-01,9.7130137e-03]
2;0;4;[0.39559966,0.02907526,0.00105353,0.00264342,0.57162815]
2;3;3;[0.00109907,0.00086316,0.12630533,0.8596597 ,0.01207276]
1;3;3;[0.00345103,0.00473307,0.00267289,0.92782986,0.06131319]
1;3;3;[0.00552715,0.00254729,0.00947354,0.9482919 ,0.03416014]
1;3;3;[3.2254246e-03,2.0237880e-04,1.3725451e-02,9.7449285e-01,8.3539598e-03]
2;4;4;[3.1536475e-03,5.3981550e-02,1.7886676e-05,2.9725619e-04,9.4254965e-01]
3;4;4;[4.1139150e-01,1.3811027e-01,2.3459628e-05,3.8267297e-03,4.4664806e-01]
4;1;4;[2.7917555e-01,3.2335896e-02,4.1282972e-05,6.6880016e-03,6.8175924e-01]
5;4;4;[1.5593019e-02,3.6725346e-02,1.1963718e-04,2.0929496e-03,9.4546908e-01]
6;4;4;[7.4565709e-02,2.4256115e-01,1.2788229e-05,8.5489388e-04,6.8200547e-01]
7;4;4;[1.10222846e-01,1.61033660e-01,5.81461500e-05,3.53458780e-03,7.25150764e-01]
8;1;4;[9.6558362e-02,3.3176965e-01,5.3061474e-05,1.9906710e-03,5.6962830e-01]
9;4;4;[1.0010781e-02,4.0884744e-02,5.2753203e-05,4.0539389e-04,9.4864631e-01]
10;4;4;[1.06972255e-01,3.26143920e-01,1.56618644e-05,7.10325839e-04,5.66157877e-01]
11;0;4;[1.5404750e-01,4.1976014e-01,3.2854750e-05,4.0518236e-03,4.2210767e-01]
11;3;3;[0.00444927,0.00202287,0.00619416,0.9644964 ,0.02283732]
1;3;3;[0.00370699,0.00532523,0.00270426,0.9216615 ,0.06660205]
1;3;3;[0.00704932,0.01990956,0.00315153,0.8253499 ,0.14453968]
2;4;4;[3.4299542e-03,3.6142703e-02,1.4068121e-05,2.1165883e-04,9.6020156e-01]
3;1;4;[3.5618493e-01,1.6920277e-01,1.9734876e-05,3.7339979e-03,4.7085851e-01]
4;4;4;[1.4781558e-02,2.8268315e-02,1.8199014e-05,2.6374192e-03,9.5429456e-01]
5;4;4;[3.24378759e-01,1.21985696e-01,4.04255024e-06,2.74239312e-04,5.53357303e-01]
6;4;0;[4.5962226e-01,2.0818004e-01,2.7501103e-05,2.9463912e-03,3.2922378e-01]
7;0;0;[4.3502614e-01,1.6972062e-01,3.9368966e-05,9.3165869e-03,3.8589731e-01]
7;3;3;[2.3121180e-03,2.9024927e-04,7.2717323e-04,9.9417031e-01,2.5001219e-03]
1;3;3;[3.8711980e-03,3.6161352e-04,1.2987638e-02,9.7092193e-01,1.1857671e-02]
2;4;4;[6.0025575e-03,4.0893540e-01,3.4392471e-03,2.3960110e-04,5.8138323e-01]
3;0;4;[4.9787208e-02,4.9416419e-02,2.7910795e-04,6.9489289e-04,8.9982229e-01]
3;3;3;[1.5916581e-03,4.9938855e-04,1.5684713e-01,8.2554263e-01,1.5519113e-02]
2;1;4;[3.74078006e-02,1.05407976e-01,4.69952502e-04,1.13967748e-03,8.55574608e-01]
3;4;4;[6.52589835e-03,7.40113631e-02,1.18544674e-04,6.21213752e-04,9.18722987e-01]
4;0;4;[1.5974319e-01,3.1066641e-01,6.7427965e-05,6.2595430e-04,5.2889699e-01]
4;3;4;[0.02299874,0.05054384,0.00869082,0.36750296,0.5502636 ]
2;0;4;[0.18726991,0.13870911,0.00074476,0.00209314,0.6711831 ]
2;3;3;[1.3684293e-03,1.5575868e-04,3.4184441e-02,9.5970404e-01,4.5873597e-03]
1;3;3;[4.1056182e-03,4.4617668e-04,1.2752169e-02,9.6929932e-01,1.3396641e-02]
1;3;3;[0.00588086,0.01625184,0.00419576,0.8822544 ,0.09141716]
2;0;4;[0.30962795,0.09533019,0.00110461,0.0020067 ,0.59193057]
2;4;3;[5.2606687e-04,7.0227089e-04,1.3998368e-02,9.7338688e-01,1.1386470e-02]
3;0;0;[0.39809865,0.19525959,0.00321409,0.03881722,0.3646105 ]
3;3;3;[5.6296383e-04,2.8251568e-04,4.2412309e-03,9.9026239e-01,4.6508727e-03]
1;3;3;[0.00692521,0.01982903,0.00329956,0.8349668 ,0.13497953]
2;0;4;[0.4487502 ,0.01838957,0.0010477 ,0.00331967,0.52849287]
2;3;3;[9.9580316e-04,3.0349722e-04,1.4046635e-01,8.5149944e-01,6.7350147e-03]
1;3;3;[3.3099803e-03,2.1832270e-04,1.3597087e-02,9.7411817e-01,8.7564141e-03]
1;3;3;[0.00553359,0.00215451,0.01023002,0.9501547 ,0.03192708]
2;4;4;[3.1887623e-03,5.7363465e-02,1.8731513e-05,3.1132402e-04,9.3911773e-01]
3;4;4;[2.3028024e-02,9.2378229e-02,5.1971310e-06,1.0343669e-03,8.8355416e-01]
4;1;4;[1.7427715e-02,1.2556814e-01,1.4438936e-05,2.7326525e-03,8.5425705e-01]
5;4;4;[7.3133553e-03,5.5473104e-02,2.1718561e-05,1.4648641e-03,9.3572700e-01]
6;4;4;[1.0393689e-01,2.2950982e-01,8.7847393e-06,2.1230958e-03,6.6442144e-01]
7;4;4;[1.9987534e-01,3.2304263e-01,2.3799150e-05,1.1610460e-02,4.6544784e-01]
8;4;4;[1.8938734e-01,3.1945753e-01,2.4715840e-05,5.9487657e-03,4.8518163e-01]
9;4;4;[1.2278065e-01,2.6924619e-01,2.2138358e-05,2.8577673e-03,6.0509318e-01]
10;0;4;[9.7955741e-02,3.0011114e-01,2.5089141e-05,2.2907781e-03,5.9961724e-01]
10;3;3;[2.0620713e-03,1.2908697e-04,6.5005803e-04,9.9435645e-01,2.8022993e-03]
2;1;4;[0.18289278,0.11720239,0.0007185 ,0.00260282,0.6965835 ]
3;4;4;[2.8760580e-03,5.2453995e-02,6.3869440e-05,2.1404368e-04,9.4439209e-01]
4;0;4;[7.02901632e-02,1.04194716e-01,1.08658978e-05,1.72681495e-04,8.25331569e-01]
4;3;4;[0.01946268,0.05055677,0.00864277,0.21604258,0.70529515]
1;3;3;[3.9002795e-03,3.7133938e-04,1.2957676e-02,9.7072864e-01,1.2042040e-02]
1;3;3;[0.00553213,0.00224595,0.01003718,0.94971687,0.03246783]
2;4;4;[3.1863269e-03,5.7179205e-02,1.8679020e-05,3.1052617e-04,9.3930519e-01]
3;0;4;[4.0133265e-01,1.4004783e-01,2.4141867e-05,3.7773657e-03,4.5481807e-01]
3;3;3;[1.0515027e-03,1.7648159e-03,7.5979461e-04,9.5074892e-01,4.5674890e-02]
2;1;4;[0.37392724,0.03477156,0.00105286,0.00239696,0.58785135]
3;4;4;[3.7896254e-03,7.5712176e-03,6.5407956e-05,5.2756158e-04,9.8804617e-01]
4;1;4;[6.3129388e-02,1.4010128e-01,1.3851104e-05,2.3107883e-04,7.9652441e-01]
5;4;4;[7.2005033e-03,2.9018693e-02,1.6559616e-05,2.7308351e-04,9.6349120e-01]
6;4;4;[8.1373356e-02,1.4698140e-01,9.7486754e-06,5.5266661e-04,7.7108276e-01]
7;0;4;[8.6778320e-02,1.2105403e-01,3.4731118e-05,2.1351094e-03,7.8999776e-01]
7;3;3;[0.04114157,0.00266583,0.00581531,0.8629212 ,0.08745612]
2;4;4;[3.2627617e-03,4.0986214e-02,1.5239045e-05,2.3574001e-04,9.5550001e-01]
3;4;4;[2.9622322e-02,8.6999170e-02,5.6343770e-06,1.1333479e-03,8.8223952e-01]
4;4;4;[2.3192385e-02,1.0341678e-01,1.4394197e-05,3.0685912e-03,8.7030780e-01]
5;0;0;[6.3035649e-01,5.6326699e-02,2.1931159e-05,8.4669031e-03,3.0482799e-01]
5;3;3;[8.05438103e-05,6.61898157e-05,1.01232494e-04,9.97559547e-01,2.19245302e-03]
1;3;3;[0.00542199,0.01103782,0.00290894,0.87604207,0.10458917]
1;3;3;[0.00567864,0.01222511,0.00293742,0.86858284,0.11057605]
1;3;3;[3.6800802e-03,3.0565928e-04,1.3187315e-02,9.7209644e-01,1.0730449e-02]
2;4;4;[3.3762802e-03,3.7625030e-02,1.4383607e-05,2.1829703e-04,9.5876598e-01]
3;4;4;[3.4820256e-01,1.6698422e-01,1.9815627e-05,3.6699523e-03,4.8112342e-01]
4;4;0;[4.7410655e-01,1.2907796e-01,4.2359919e-05,1.1999472e-02,3.8477370e-01]
5;0;4;[4.2231253e-01,1.5018836e-01,6.5008091e-05,4.7614952e-03,4.2267263e-01]
5;3;3;[6.0872087e-04,6.1546121e-04,3.4398961e-04,9.9145013e-01,6.9817388e-03]
2;0;4;[0.18301572,0.11849017,0.00071867,0.00257381,0.6952017 ]
2;3;3;[0.00203891,0.00228788,0.02076047,0.9452025 ,0.02971025]
2;0;4;[0.18700534,0.13870504,0.00074275,0.00209503,0.6714518 ]
2;3;3;[1.3547818e-03,1.5224154e-04,3.4005862e-02,9.5997226e-01,4.5149229e-03]
2;0;4;[0.19732763,0.13851504,0.0008144 ,0.00201747,0.66132545]
2;3;3;[0.00323901,0.00386123,0.04227469,0.91159636,0.03902879]
1;3;3;[4.3161903e-03,5.5777532e-04,1.2406166e-02,9.6759015e-01,1.5129745e-02]
1;3;3;[4.7553261e-03,8.6637889e-04,1.1749969e-02,9.6334404e-01,1.9284265e-02]
2;4;4;[0.27806425,0.12355602,0.00103852,0.00199572,0.59534544]
3;0;4;[4.4967335e-01,1.4514499e-02,3.4927405e-04,2.8342374e-03,5.3262866e-01]
3;3;3;[5.2643748e-04,6.2481489e-04,1.5901941e-01,8.3178383e-01,8.0455039e-03]
2;4;4;[4.6312558e-03,2.7872492e-02,1.8172701e-05,2.7227160e-04,9.6720582e-01]
3;0;4;[8.8630475e-02,1.4061715e-01,1.0170428e-05,2.2068012e-03,7.6853538e-01]
3;3;3;[1.1425407e-03,3.0516981e-04,9.1638032e-04,9.8810506e-01,9.5308563e-03]
2;4;4;[3.1832946e-03,5.6938227e-02,1.8611583e-05,3.0952352e-04,9.3955034e-01]
3;4;4;[1.6768569e-02,6.0165752e-02,2.1928195e-06,1.6996929e-04,9.2289346e-01]
4;0;4;[2.2444356e-02,4.3671139e-02,1.4174738e-05,9.9421828e-04,9.3287617e-01]
4;4;3;[0.00263725,0.00123914,0.00819517,0.8092458 ,0.17868255]
5;0;4;[5.7321168e-02,4.4096485e-02,1.1539800e-04,9.1978973e-03,8.8926899e-01]
5;3;3;[9.7846380e-04,9.2313960e-05,1.0130409e-03,9.8973387e-01,8.1823012e-03]
2;4;4;[6.6367881e-03,1.7993744e-01,7.3952659e-05,8.4002467e-04,8.1251180e-01]
3;1;4;[4.6148498e-02,2.3163180e-01,8.3789764e-06,1.5671228e-03,7.2064418e-01]
4;4;4;[8.03821161e-03,6.07558861e-02,1.25364995e-05,9.49457870e-04,9.30243850e-01]
5;1;4;[1.5440136e-01,2.6464310e-01,7.3992987e-06,1.5376891e-03,5.7941043e-01]
6;4;4;[1.3547980e-02,6.9909893e-02,1.1611432e-05,7.8905228e-04,9.1574150e-01]
7;4;4;[1.4398678e-01,2.4043544e-01,8.9195701e-06,2.0429429e-03,6.1352599e-01]
8;0;4;[3.3715576e-01,2.9549712e-01,2.0843512e-05,6.8651517e-03,3.6046115e-01]
8;3;3;[4.2849900e-03,2.8422871e-03,9.7239501e-04,9.7520298e-01,1.6697498e-02]
1;3;3;[2.8884460e-03,1.4691096e-04,1.4300488e-02,9.7581893e-01,6.8452009e-03]
2;4;4;[3.4748793e-03,3.5330128e-02,1.4155356e-05,2.1244063e-04,9.6096838e-01]
3;1;4;[4.3708161e-02,1.0539628e-01,6.5106237e-06,1.2359407e-03,8.4965307e-01]
4;4;4;[5.3103478e-03,1.9260541e-02,7.3340511e-06,5.9667451e-04,9.7482514e-01]
5;1;0;[5.4784751e-01,9.4343096e-02,1.1932613e-05,3.2392775e-03,3.5455817e-01]
6;4;4;[2.2705693e-02,6.5880548e-03,1.2855494e-05,2.4223642e-03,9.6827102e-01]
7;4;4;[3.4609526e-01,1.7529677e-01,1.3008370e-05,2.4390277e-03,4.7615600e-01]
8;1;4;[3.7656924e-01,7.2796054e-02,2.9215924e-05,8.0046067e-03,5.4260087e-01]
9;4;4;[5.5435359e-02,4.0314741e-02,4.1212053e-05,9.8134913e-03,8.9439523e-01]
10;1;0;[4.3465048e-01,1.6968367e-01,1.3127240e-05,6.6683623e-03,3.8898432e-01]
11;4;4;[3.6534496e-02,1.7428998e-02,1.9774088e-05,5.9293080e-03,9.4008744e-01]
12;4;4;[3.8238570e-01,1.8190871e-01,1.3478764e-05,6.1191432e-03,4.2957297e-01]
13;0;4;[3.8581038e-01,1.0389049e-01,2.0797934e-05,1.0700903e-02,4.9957740e-01]
13;3;3;[1.5736135e-02,6.0114958e-03,3.8607544e-04,8.8119185e-01,9.6674465e-02]
2;0;4;[0.1949759 ,0.1385661 ,0.00079903,0.002036  ,0.663623  ]
2;3;3;[2.3340345e-03,7.7813055e-04,4.3692119e-02,9.3995780e-01,1.3237981e-02]
1;3;3;[0.00700358,0.01997703,0.00325461,0.8311006 ,0.13866425]
1;3;3;[0.00544346,0.00170497,0.01086175,0.95355266,0.02843723]
1;3;3;[4.5830435e-03,7.3480041e-04,1.1997090e-02,9.6507829e-01,1.7606674e-02]
2;0;4;[3.2635096e-02,3.1993531e-02,5.2046025e-04,1.3930656e-03,9.3345791e-01]
2;3;3;[6.2302535e-04,7.9423346e-04,4.0230609e-02,9.3429708e-01,2.4055041e-02]
2;1;4;[0.29138777,0.11150031,0.00106802,0.00200052,0.5940434 ]
3;4;4;[4.8916349e-03,6.2019978e-02,2.3687980e-04,6.0602545e-04,9.3224549e-01]
4;4;4;[1.0630638e-01,1.9879167e-01,4.0661842e-05,7.4034126e-04,6.9412094e-01]
5;1;4;[1.9720829e-01,2.6563907e-01,1.2409891e-04,5.1677492e-03,5.3186077e-01]
6;4;4;[1.2557119e-02,1.8456301e-02,7.7048207e-05,1.2329242e-03,9.6767664e-01]
7;0;4;[2.6562199e-01,2.3319535e-01,5.0621260e-05,1.6584488e-03,4.9947366e-01]
7;3;3;[0.00772601,0.01138721,0.00208217,0.7749982 ,0.20380637]
2;4;4;[3.4275132e-03,3.6204450e-02,1.4074107e-05,2.1181392e-04,9.6014214e-01]
3;0;0;[4.5352340e-01,1.2017453e-01,2.1769958e-05,4.4790120e-03,4.2180133e-01]
3;3;3;[1.5241631e-03,1.6490091e-03,7.3954323e-04,9.5455581e-01,4.1531418e-02]
1;3;3;[2.90108472e-03,1.48782565e-04,1.42773865e-02,9.75773513e-01,6.89929118e-03]
1;3;3;[0.00553114,0.00195332,0.01064844,0.95125586,0.03061124]
2;4;4;[3.2502317e-03,6.1773747e-02,1.9976811e-05,3.3036183e-04,9.3462574e-01]
3;4;4;[3.3458430e-01,1.4827199e-01,2.4210432e-05,3.6197088e-03,5.1349974e-01]
4;1;4;[2.9281393e-01,7.8878753e-02,4.5622586e-05,1.2046256e-02,6.1621547e-01]
5;4;4;[1.1467538e-02,2.7238559e-02,2.8891904e-05,1.0489062e-03,9.6021610e-01]
6;1;4;[1.3146448e-01,3.4803784e-01,8.0895452e-06,1.6740040e-03,5.1881552e-01]
7;4;4;[2.2908632e-02,9.5574461e-02,2.3022727e-05,3.8717387e-03,8.7762213e-01]
8;1;0;[4.3581083e-01,1.3006514e-01,2.6036432e-05,5.7303566e-03,4.2836761e-01]
9;4;4;[4.0561855e-02,1.5051678e-02,3.4686087e-05,5.8459700e-03,9.3850583e-01]
10;4;4;[3.0676749e-01,1.8975902e-01,2.5896647e-05,3.4880901e-03,4.9995947e-01]
11;1;4;[3.0305761e-01,1.0390647e-01,5.0912375e-05,9.1713807e-03,5.8381355e-01]
12;4;4;[6.9203392e-02,6.3444525e-02,9.2779839e-05,1.2829553e-02,8.5442972e-01]
13;4;4;[2.8736481e-01,2.2286896e-01,1.7832566e-05,7.6557077e-03,4.8209271e-01]
14;1;0;[3.8484266e-01,2.3575798e-01,3.8039969e-05,1.3863835e-02,3.6549756e-01]
15;4;4;[4.1096516e-02,1.5092934e-02,4.2546046e-05,6.6700564e-03,9.3709791e-01]
16;4;4;[3.0260184e-01,2.1091670e-01,1.7300385e-05,5.4847649e-03,4.8097941e-01]
17;4;4;[3.0079839e-01,2.3341790e-01,4.9068527e-05,1.2059835e-02,4.5367476e-01]
18;0;0;[4.6814594e-01,1.6552404e-01,4.4809032e-05,7.3370710e-03,3.5894817e-01]
18;3;3;[1.5722846e-03,2.1241000e-03,4.6340856e-04,9.8323858e-01,1.2601642e-02]
2;4;4;[0.18318449,0.11132898,0.0007196 ,0.00273979,0.70202714]
3;0;4;[2.9061434e-01,4.6002526e-02,1.6153543e-04,3.2639378e-03,6.5995765e-01]
3;4;3;[9.6399272e-05,9.3075862e-05,8.4495842e-03,9.8765546e-01,3.7056103e-03]
4;0;4;[0.2999217 ,0.21154444,0.00247222,0.03634059,0.4497211 ]
4;3;3;[6.0947484e-04,1.0403494e-04,6.6334768e-03,9.9017543e-01,2.4774456e-03]
2;4;4;[4.2236699e-03,2.9890712e-02,1.6702086e-05,2.5030144e-04,9.6561861e-01]
3;0;4;[1.8463656e-01,1.7217645e-01,1.5090415e-05,3.1816161e-03,6.3999033e-01]
3;3;3;[0.00509576,0.00941163,0.00081494,0.77272755,0.21195008]
2;4;4;[3.8417801e-03,3.2119732e-02,1.5359867e-05,2.3069560e-04,9.6379238e-01]
3;4;4;[2.7317593e-01,1.8586454e-01,1.7654114e-05,3.4901102e-03,5.3745180e-01]
4;4;4;[2.8585815e-01,1.1154163e-01,3.7033271e-05,9.1252299e-03,5.9343797e-01]
5;4;4;[2.3090410e-01,1.9324251e-01,3.8991813e-05,3.5024446e-03,5.7231194e-01]
6;0;4;[3.9689863e-01,1.2530935e-01,5.2333249e-05,4.3967846e-03,4.7334287e-01]
6;3;3;[6.7314366e-04,1.2677436e-04,3.6368830e-04,9.9723619e-01,1.6002995e-03]
1;3;3;[3.4309924e-03,2.4465576e-04,1.3457799e-02,9.7348624e-01,9.3802679e-03]
1;3;3;[3.7856083e-03,3.3437213e-04,1.3079949e-02,9.7147161e-01,1.1328435e-02]
2;4;4;[0.1946652 ,0.13857318,0.00079701,0.00203845,0.6639261 ]
3;4;4;[2.0071618e-01,5.8964610e-02,1.8666153e-04,1.7820110e-03,7.3835057e-01]
4;0;4;[3.140913e-01,4.494961e-02,3.691513e-04,2.095772e-03,6.384942e-01]
4;3;3;[1.4835683e-03,3.6685975e-04,1.3037004e-01,8.5840207e-01,9.3774274e-03]
1;3;3;[0.00572489,0.01244914,0.00294241,0.86722094,0.11166266]
1;3;3;[0.00297892,0.00374959,0.00260092,0.93878233,0.05188816]
1;3;3;[0.00543887,0.0016927 ,0.01087254,0.9536688 ,0.02832715]
1;3;3;[0.00267416,0.00317274,0.00254456,0.9455995 ,0.04600912]
2;0;4;[0.21022949,0.13863742,0.00085678,0.00196453,0.64831173]
2;3;3;[7.9169893e-04,6.8396685e-04,2.5241349e-02,9.6368873e-01,9.5942458e-03]
1;3;3;[0.00619283,0.01479201,0.002988  ,0.85310364,0.12292356]
1;3;3;[3.2200385e-03,2.0139756e-04,1.3734022e-02,9.7451574e-01,8.3287517e-03]
1;3;3;[3.2241081e-03,2.0213806e-04,1.3727539e-02,9.7449839e-01,8.3477832e-03]
1;3;3;[3.2241747e-03,2.0215052e-04,1.3727436e-02,9.7449809e-01,8.3481073e-03]
2;4;4;[0.18327808,0.1204745 ,0.00071972,0.00252884,0.6929988 ]
3;1;4;[8.7808557e-02,1.5041141e-01,2.8971393e-04,1.5343013e-03,7.5995600e-01]
4;4;4;[3.1934942e-03,8.2078941e-02,4.0495943e-05,2.7245691e-04,9.1441458e-01]
5;0;4;[4.4667177e-02,3.6410025e-01,9.0992553e-06,8.7007106e-04,5.9035343e-01]
5;3;3;[0.01201355,0.06293872,0.0016089 ,0.46999168,0.45344713]
2;4;4;[6.62972406e-03,1.80078700e-01,1.18498036e-04,9.48471250e-04,8.12224627e-01]
3;0;4;[7.4411273e-02,2.1222289e-01,1.7954406e-05,2.1535552e-03,7.1119434e-01]
3;3;3;[0.00158011,0.0069637 ,0.00244387,0.9076593 ,0.08135311]
2;4;4;[6.6305115e-03,1.8008865e-01,1.1844544e-04,9.4826723e-04,8.1221414e-01]
3;1;4;[6.5262914e-02,3.2838678e-01,7.0701067e-06,1.0414063e-03,6.0530180e-01]
4;4;4;[1.7792430e-02,4.1404895e-02,1.2251746e-05,6.8270171e-04,9.4010764e-01]
5;0;0;[6.4195186e-01,1.5470067e-01,1.6868933e-05,4.2498498e-03,1.9908074e-01]
5;3;3;[2.00146567e-02,1.02644702e-02,3.85387975e-04,8.46676409e-01,1.22659154e-01]
2;4;4;[6.6316025e-03,1.8010256e-01,1.1837248e-04,9.4798970e-04,8.1219947e-01]
3;0;4;[7.2978012e-02,2.1298240e-01,1.7546421e-05,2.1375918e-03,7.1188438e-01]
3;3;3;[4.6658551e-04,4.9857167e-04,3.5176605e-03,9.8988998e-01,5.6271376e-03]
2;0;4;[0.3296835 ,0.05673159,0.00109252,0.00197152,0.61052084]
2;3;3;[2.7559412e-04,2.8045947e-04,1.0508938e-02,9.8338878e-01,5.5463919e-03]
1;3;3;[0.00551327,0.0033494 ,0.00842071,0.94457304,0.0381435 ]
2;4;4;[6.6375313e-03,1.8018015e-01,1.1796376e-04,9.4701105e-04,8.1211740e-01]
3;0;4;[7.2504751e-02,2.1339683e-01,1.7397842e-05,2.1314535e-03,7.1194959e-01]
3;3;3;[4.6650256e-04,4.9658609e-04,3.4967081e-03,9.8992503e-01,5.6151999e-03]
2;0;4;[0.20600016,0.13891402,0.00084412,0.00197085,0.65227085]
2;3;3;[1.5708402e-03,2.0485537e-04,4.0082548e-02,9.5241541e-01,5.7263654e-03]
2;1;4;[3.73626277e-02,1.01002015e-01,4.78017173e-04,1.14356645e-03,8.60013783e-01]
3;4;4;[5.8690938e-03,9.5975213e-02,1.5653968e-04,6.8772543e-04,8.9731139e-01]
4;4;4;[1.5271294e-01,2.5324798e-01,1.1645059e-04,7.6551724e-04,5.9315711e-01]
5;1;4;[1.4995259e-01,1.3685875e-01,2.4893475e-04,3.3650594e-03,7.0957464e-01]
6;4;4;[1.5940012e-02,2.1888057e-02,1.1496915e-04,5.4068549e-04,9.6151626e-01]
7;1;4;[1.6555165e-01,3.4478796e-01,4.8938869e-05,1.4387934e-03,4.8817262e-01]
8;4;4;[1.6686512e-02,4.5644581e-02,5.2538915e-05,8.0689153e-04,9.3680948e-01]
9;1;4;[1.6678287e-01,2.5345865e-01,4.4642202e-05,1.4042753e-03,5.7830954e-01]
10;4;4;[2.2551626e-02,2.7787521e-02,3.7725091e-05,7.3306670e-04,9.4889009e-01]
11;0;4;[3.5561255e-01,1.5097155e-01,4.9197766e-05,2.0510384e-03,4.9131569e-01]
11;3;3;[0.0192493 ,0.01497097,0.00146523,0.6996409 ,0.26467356]
2;0;4;[3.7099767e-02,9.1661297e-02,4.8904493e-04,1.1648883e-03,8.6958498e-01]
2;3;3;[0.00202085,0.00531304,0.0294011 ,0.8674197 ,0.09584533]
2;0;0;[0.49142346,0.01235113,0.00104513,0.00390269,0.49127766]
2;3;3;[3.6329617e-05,1.9062343e-05,4.2436197e-03,9.9495280e-01,7.4821117e-04]
2;4;4;[3.1885435e-03,4.4138577e-02,1.5834423e-05,2.5208472e-04,9.5240498e-01]
3;0;4;[1.2069590e-01,1.4400966e-01,1.4091820e-05,2.6619975e-03,7.3261833e-01]
3;3;3;[0.00237807,0.00612061,0.00107922,0.80347574,0.18694642]
2;0;4;[0.35334995,0.04274016,0.00105601,0.00216502,0.6006889 ]
2;3;3;[1.4356658e-03,3.9840181e-04,1.2974334e-01,8.5914785e-01,9.2747267e-03]
2;1;4;[3.1189015e-03,4.7581002e-02,1.6475080e-05,2.7095922e-04,9.4901270e-01]
3;4;4;[9.8850392e-03,1.6356547e-01,8.7835127e-05,1.0459333e-03,8.2541579e-01]
4;1;4;[1.9609715e-01,2.4766541e-01,1.5769851e-05,5.7419720e-03,5.5047971e-01]
5;4;4;[2.9758748e-02,6.5253921e-02,5.6557386e-05,8.3385492e-03,8.9659220e-01]
6;4;4;[4.0931359e-01,1.4524648e-01,1.8268456e-05,2.4755769e-03,4.4294605e-01]
7;1;0;[6.5699840e-01,1.5612660e-01,5.2173174e-05,1.9301565e-02,1.6752131e-01]
8;4;4;[4.65883687e-02,2.04040539e-02,9.35239659e-05,1.20630665e-02,9.20850992e-01]
9;1;4;[4.1348979e-01,1.2724930e-01,1.8252533e-05,3.9574765e-03,4.5528516e-01]
10;4;4;[4.8577856e-02,3.0320190e-02,4.4719360e-05,4.8342855e-03,9.1622293e-01]
11;1;0;[5.04691601e-01,1.14725955e-01,2.12673531e-05,8.69666412e-03,3.71864498e-01]
12;4;4;[7.8423515e-02,3.0432310e-02,4.1525462e-05,7.7038473e-03,8.8339877e-01]
13;4;0;[4.7649723e-01,1.1746960e-01,2.5620267e-05,6.6165179e-03,3.9939108e-01]
14;4;4;[4.3708321e-01,8.7579928e-02,4.0505776e-05,1.0975356e-02,4.6432096e-01]
15;1;0;[4.6239898e-01,1.5504000e-01,3.8600843e-05,6.8645910e-03,3.7565789e-01]
16;4;4;[5.8175638e-02,2.2818742e-02,4.9621642e-05,2.9790299e-03,9.1597700e-01]
17;0;0;[4.9327019e-01,1.1493032e-01,2.2425376e-05,5.7873307e-03,3.8598976e-01]
17;3;3;[0.01922109,0.009973  ,0.00096378,0.9112766 ,0.05856562]
2;4;4;[0.47228348,0.01476181,0.00104365,0.00363094,0.5082801 ]
3;0;4;[0.29268178,0.03932511,0.00099063,0.00498697,0.6620155 ]
3;3;3;[6.6250557e-04,1.0985461e-04,1.7244639e-01,8.2399338e-01,2.7879337e-03]
2;4;4;[6.6916128e-03,1.8198349e-01,1.1042545e-04,9.3404227e-04,8.1028044e-01]
3;0;4;[2.0103660e-01,1.5441306e-01,5.1409239e-05,3.1206361e-03,6.4137828e-01]
3;3;3;[5.4594420e-04,1.6017677e-03,2.3753617e-03,9.5828396e-01,3.7192926e-02]
2;4;4;[6.6920836e-03,1.8200271e-01,1.1034995e-04,9.3389727e-04,8.1026095e-01]
3;0;4;[3.03719580e-01,1.05452575e-01,7.04878839e-05,3.67632811e-03,5.87081015e-01]
3;3;3;[3.0918792e-04,6.6837849e-04,2.2125777e-03,9.8193640e-01,1.4873425e-02]
1;3;3;[4.4102524e-03,6.1835803e-04,1.2246258e-02,9.6672422e-01,1.6000923e-02]
1;3;3;[3.2757393e-03,2.1168387e-04,1.3646746e-02,9.7427487e-01,8.5909786e-03]
2;0;4;[3.7432641e-02,1.0797173e-01,4.6523125e-04,1.1379817e-03,8.5299242e-01]
2;3;3;[0.00253333,0.00753475,0.02911877,0.8422485 ,0.11856472]
2;4;4;[3.1176880e-03,4.7775425e-02,1.6514554e-05,2.7181109e-04,9.4881850e-01]
3;1;4;[2.5171885e-02,7.8341492e-02,6.0128200e-06,1.2335894e-03,8.9524704e-01]
4;4;4;[4.5193005e-03,1.7461132e-02,6.6292396e-06,5.7841116e-04,9.7743452e-01]
5;4;4;[2.0651966e-01,1.9496489e-01,9.5120304e-06,2.5268935e-03,5.9597903e-01]
6;0;0;[4.6912763e-01,1.5759057e-01,1.6479615e-05,1.1167038e-02,3.6209822e-01]
6;3;3;[2.6375530e-03,1.5515242e-03,5.8016792e-04,9.8454791e-01,1.0682829e-02]
2;1;4;[0.2088688 ,0.13873424,0.00085258,0.00196587,0.64957845]
3;4;4;[3.2776971e-03,5.6866821e-02,9.4011397e-05,3.0882825e-04,9.3945271e-01]
4;4;4;[7.6306641e-02,2.2160077e-01,2.4870684e-05,6.4975495e-04,7.0141792e-01]
5;0;4;[3.0965072e-01,1.6849937e-01,9.3783259e-05,8.4764315e-03,5.1327968e-01]
5;3;3;[2.1875059e-04,2.3958676e-04,2.5655564e-03,9.9364269e-01,3.3334747e-03]
2;4;4;[3.1172540e-03,4.7845341e-02,1.6528718e-05,2.7211686e-04,9.4874877e-01]
3;4;4;[2.9556945e-01,1.5634707e-01,2.0805626e-05,3.6100065e-03,5.4445261e-01]
4;4;4;[1.9678725e-01,3.7340309e-02,3.2944117e-05,6.7892903e-03,7.5905025e-01]
5;4;4;[1.8857089e-01,7.3231407e-02,4.3919819e-05,2.5495416e-03,7.3560423e-01]
6;0;4;[1.8262723e-01,1.6448292e-01,5.4450600e-05,2.1293820e-03,6.5070605e-01]
6;3;3;[3.0687591e-04,2.2447539e-04,6.6207803e-04,9.8843199e-01,1.0374545e-02]
1;3;3;[0.00661893,0.01915821,0.00348763,0.8491465 ,0.12158868]
2;4;4;[3.1935724e-03,4.3912232e-02,1.5791082e-05,2.5078436e-04,9.5262760e-01]
3;4;0;[4.79947895e-01,1.06990375e-01,2.31072554e-05,4.37225495e-03,4.08666402e-01]
4;4;0;[6.8617803e-01,5.4060142e-02,4.5763871e-05,1.5649952e-02,2.4406610e-01]
5;0;0;[7.0190972e-01,4.5331005e-02,9.3758441e-05,6.2324922e-03,2.4643305e-01]
5;3;3;[5.0211580e-05,4.6369798e-05,3.6192255e-04,9.9876726e-01,7.7428442e-04]
2;1;4;[3.1150563e-03,4.8796013e-02,1.6726945e-05,2.7607399e-04,9.4779611e-01]
3;4;4;[1.0209285e-02,1.7989834e-01,9.2929644e-05,1.1195475e-03,8.0867988e-01]
4;1;4;[2.8539652e-01,1.3945362e-01,2.1647409e-05,8.6295381e-03,5.6649864e-01]
5;4;4;[3.0945329e-02,1.7514236e-02,4.8217207e-05,9.8582907e-03,9.4163394e-01]
6;0;0;[4.4813457e-01,1.7982835e-01,3.8948117e-05,3.1475103e-03,3.6885059e-01]
6;3;3;[5.7853027e-03,3.6789232e-03,5.5419648e-04,9.2981654e-01,6.0164992e-02]
1;3;3;[0.00236901,0.00263373,0.00248081,0.95227665,0.04023984]
1;3;3;[0.00708232,0.02013144,0.00321115,0.8271409 ,0.1424341 ]
1;3;3;[2.9568987e-03,1.5723593e-04,1.4176826e-02,9.7556871e-01,7.1404520e-03]
2;0;4;[0.4625425 ,0.01616747,0.00104539,0.00350154,0.5167431 ]
2;3;3;[9.8639319e-04,4.0581843e-04,1.4635421e-01,8.4465575e-01,7.5978530e-03]
1;3;3;[4.5795459e-03,7.3228130e-04,1.2002022e-02,9.6511281e-01,1.7573209e-02]
1;3;3;[3.2687779e-03,2.1038030e-04,1.3657524e-02,9.7430533e-01,8.5580088e-03]
1;3;3;[3.1246494e-03,1.8454790e-04,1.3888927e-02,9.7491360e-01,7.8882268e-03]
2;0;0;[0.49913117,0.0114609 ,0.0010473 ,0.00402593,0.48433468]
2;3;3;[3.1776894e-05,1.5436790e-05,3.9865221e-03,9.9530882e-01,6.5742922e-04]
2;0;4;[0.3053861 ,0.09935986,0.0010962 ,0.00201049,0.59214735]
2;3;3;[0.00242011,0.00311822,0.06551901,0.89209145,0.03685124]
1;3;3;[4.2510140e-03,5.1964866e-04,1.2520260e-02,9.6814704e-01,1.4562050e-02]
1;3;3;[3.38226045e-03,2.33801649e-04,1.35132205e-02,9.73744154e-01,9.12653096e-03]
2;0;4;[0.3664104 ,0.03726886,0.00105275,0.00231198,0.592956  ]
2;3;3;[1.2785717e-04,1.0333699e-04,7.3111472e-03,9.8984468e-01,2.6129631e-03]
1;3;3;[3.4368071e-03,2.4597370e-04,1.3451243e-02,9.7345519e-01,9.4107734e-03]
1;3;3;[3.58238979e-03,2.80606735e-04,1.32909501e-02,9.72655714e-01,1.01903165e-02]
2;1;4;[0.18296196,0.11312938,0.00071918,0.00269934,0.7004901 ]
3;1;4;[4.6677594e-03,5.4143798e-02,1.4736035e-04,6.1306002e-04,9.4042808e-01]
4;4;4;[1.0140007e-02,1.6877432e-01,3.8067170e-04,1.8311474e-03,8.1887388e-01]
5;1;4;[7.5507611e-02,1.6696292e-01,3.8182643e-05,1.4625971e-03,7.5602871e-01]
6;4;4;[2.7248077e-02,1.3945083e-01,1.7043547e-04,4.0448708e-03,8.2908577e-01]
7;1;0;[6.0843718e-01,8.5902438e-02,1.1623077e-04,2.1766073e-03,3.0336750e-01]
8;4;4;[7.7893279e-02,4.9941443e-02,2.9201637e-04,8.0629159e-03,8.6381030e-01]
9;4;0;[5.1498014e-01,1.0014394e-01,1.0470315e-04,2.0144784e-03,3.8275668e-01]
10;4;0;[5.52616715e-01,1.03177644e-01,2.34682520e-04,6.92028273e-03,3.37050647e-01]
11;4;0;[7.8328103e-01,3.2730125e-02,1.3825143e-04,4.6375166e-03,1.7921312e-01]
12;0;0;[6.5639120e-01,5.3750575e-02,2.9757671e-04,5.8899778e-03,2.8367075e-01]
12;3;3;[4.1230852e-03,7.3232490e-04,5.4070815e-03,9.8587775e-01,3.8596741e-03]
2;0;4;[0.2806498 ,0.12118443,0.0010443 ,0.0019953 ,0.59512615]
2;3;3;[0.00240257,0.00377981,0.04823709,0.90517354,0.0404069 ]
2;4;4;[4.0873159e-03,3.0695902e-02,1.6224407e-05,2.4323633e-04,9.6495724e-01]
3;4;4;[6.0423095e-02,1.2256634e-01,7.5948478e-06,1.4603575e-03,8.1554264e-01]
4;1;4;[4.0483300e-02,7.4927449e-02,1.9234734e-05,3.6023161e-03,8.8096774e-01]
5;4;4;[1.6277499e-02,4.2820163e-02,5.8756748e-05,5.6059938e-03,9.3523759e-01]
6;0;4;[3.3195943e-01,1.9374657e-01,1.3866754e-05,5.4930714e-03,4.6878701e-01]
6;3;3;[1.4563252e-03,1.0706232e-03,5.3320045e-04,9.6362811e-01,3.3311639e-02]
1;3;3;[4.8509454e-03,9.4644917e-04,1.1618920e-02,9.6232235e-01,2.0261282e-02]
1;3;3;[3.5395110e-03,2.7007691e-04,1.3337410e-02,9.7289556e-01,9.9575762e-03]
1;3;3;[3.4057267e-03,2.3898482e-04,1.3486434e-02,9.7362059e-01,9.2482781e-03]
1;3;3;[4.5801932e-03,7.3274947e-04,1.2001114e-02,9.6510649e-01,1.7579421e-02]
2;4;4;[3.3973474e-03,3.7024207e-02,1.4226240e-05,2.1514653e-04,9.5934910e-01]
3;0;0;[4.6119243e-01,1.1536484e-01,2.1998678e-05,4.5063910e-03,4.1891432e-01]
3;3;3;[0.00235074,0.00265437,0.00102727,0.9531217 ,0.04084596]
2;4;4;[3.4759003e-03,7.9464883e-02,2.4502864e-05,3.9449753e-04,9.1664022e-01]
3;1;4;[3.0931130e-01,1.5341584e-01,2.6312317e-05,3.5246327e-03,5.3372192e-01]
4;4;4;[1.0783876e-02,1.9811153e-02,1.7873552e-05,2.1617133e-03,9.6722531e-01]
5;4;4;[3.0669594e-01,2.5233656e-01,2.8002934e-05,2.2362408e-03,4.3870330e-01]
6;0;4;[2.8429317e-01,5.9087943e-02,5.5738918e-05,7.3110103e-03,6.4925218e-01]
6;3;3;[1.3651298e-03,8.9656503e-05,3.3135901e-04,9.9700707e-01,1.2068129e-03]
1;3;3;[0.00553465,0.00210713,0.01033475,0.9503806 ,0.03164289]
1;3;3;[0.00323377,0.0042692 ,0.00264157,0.932931  ,0.05692442]
2;4;4;[0.29588568,0.10753641,0.00107717,0.00200377,0.593497  ]
3;4;4;[1.1650179e-01,1.8305020e-01,3.4637988e-04,1.6882690e-03,6.9841337e-01]
4;0;4;[4.7235408e-01,1.0677771e-02,3.8067478e-04,2.3805988e-03,5.1420689e-01]
4;3;3;[1.3579332e-04,6.7921173e-05,1.0024355e-01,8.9498866e-01,4.5641256e-03]
1;3;3;[4.2571104e-03,5.2309892e-04,1.2509563e-02,9.6809602e-01,1.4614243e-02]
1;3;3;[0.00551588,0.01265622,0.00485866,0.90382564,0.07314371]
1;3;3;[0.00534169,0.00147611,0.01107119,0.955824  ,0.02628698]
1;3;3;[3.1277416e-03,1.8507869e-04,1.3883816e-02,9.7490114e-01,7.9023344e-03]
1;3;3;[0.00539463,0.01135669,0.00512699,0.91063267,0.06748898]
2;4;4;[3.2296539e-03,6.0452588e-02,1.9598163e-05,3.2450739e-04,9.3597370e-01]
3;4;4;[2.54382081e-02,1.13536015e-01,4.59575040e-06,9.39659018e-04,8.60081494e-01]
4;1;4;[1.4780309e-02,6.8101369e-02,1.2650437e-05,2.4334935e-03,9.1467220e-01]
5;4;4;[1.0846366e-02,4.2706043e-02,4.2937620e-05,2.6840889e-03,9.4372064e-01]
6;0;4;[9.7544789e-02,2.1513341e-01,7.2472694e-06,2.6232298e-03,6.8469131e-01]
6;3;3;[1.6939897e-03,1.9606841e-03,7.1034365e-04,9.7739035e-01,1.8244609e-02]
2;4;4;[0.39621827,0.02892785,0.00105356,0.0026507 ,0.5711496 ]
3;4;4;[0.22328186,0.04788049,0.00074753,0.00438235,0.72370774]
4;1;4;[1.6746157e-01,9.9599719e-02,4.1258815e-04,1.1615203e-03,7.3136455e-01]
5;4;4;[5.3309249e-03,1.9368637e-02,8.7886816e-05,2.5418284e-04,9.7495836e-01]
6;4;4;[1.00828245e-01,4.16969925e-01,2.37193235e-05,3.64029547e-04,4.81814057e-01]
7;0;4;[1.08648285e-01,3.71969581e-01,9.65982690e-05,2.53234059e-03,5.16753137e-01]
7;3;3;[0.00937029,0.01010434,0.00675727,0.8762121 ,0.09755594]
2;0;4;[3.6237489e-02,7.4099541e-02,5.1163789e-04,1.2048944e-03,8.8794649e-01]
2;3;3;[0.00124832,0.00269304,0.02663692,0.9057913 ,0.06363051]
2;4;4;[1.3079503e-02,1.5672995e-02,6.1665844e-05,7.7656464e-04,9.7040927e-01]
3;4;4;[4.3307781e-01,1.1090548e-01,2.5406087e-05,4.9366527e-03,4.5105475e-01]
4;0;0;[5.8515579e-01,4.3533932e-02,5.2773637e-05,1.4495224e-02,3.5676235e-01]
4;3;3;[1.8492438e-03,8.3049724e-04,8.5839938e-04,9.8648030e-01,9.9816471e-03]
1;3;3;[0.00548926,0.01133521,0.00291652,0.8741058 ,0.10615323]
1;3;3;[0.00537001,0.01082351,0.00524159,0.91307956,0.06548546]
2;4;4;[3.1195569e-03,5.0008081e-02,1.6991546e-05,2.8111320e-04,9.4657421e-01]
3;4;4;[2.3508178e-02,8.3815776e-02,5.3411891e-06,1.0849582e-03,8.9158577e-01]
4;1;4;[1.5173164e-02,5.6814317e-02,1.3680072e-05,2.8304248e-03,9.2516840e-01]
5;4;4;[5.2011996e-03,4.5861814e-02,1.4080109e-05,9.0740074e-04,9.4801551e-01]
6;1;4;[2.8718609e-01,2.0357534e-01,1.1846783e-05,4.1303881e-03,5.0509638e-01]
7;4;4;[1.39520615e-02,1.66850276e-02,1.47053570e-05,3.18472297e-03,9.66163456e-01]
8;1;4;[2.3687495e-01,1.8413953e-01,1.4347375e-05,3.2056081e-03,5.7576561e-01]
9;4;4;[1.2391249e-02,7.5837006e-03,1.3780007e-05,1.4789163e-03,9.7853243e-01]
10;0;4;[3.2560733e-01,1.8503241e-01,1.3688517e-05,3.9829635e-03,4.8536360e-01]
10;3;3;[3.0416751e-03,2.3921640e-03,2.4335906e-04,9.0693372e-01,8.7389037e-02]
1;3;3;[0.00660455,0.01911291,0.00349612,0.8497071 ,0.1210793 ]
1;3;3;[0.00253705,0.00292696,0.00251688,0.9486137 ,0.04340538]
2;4;4;[3.3688047e-03,3.7840955e-02,1.4441371e-05,2.1944604e-04,9.5855629e-01]
3;0;4;[3.6167264e-02,9.4822742e-02,6.0565503e-06,1.1753907e-03,8.6782855e-01]
3;3;3;[0.00234054,0.00145451,0.00102075,0.96283484,0.03234943]
1;3;3;[0.00613975,0.01451832,0.0029833 ,0.8547384 ,0.12162025]
2;0;4;[0.4802189 ,0.01371279,0.00104458,0.00374277,0.501281  ]
2;3;3;[8.5205793e-05,5.6545450e-05,8.2601150e-03,9.9007726e-01,1.5209382e-03]
1;3;3;[0.00250371,0.00286809,0.00250994,0.9493415 ,0.04277685]
2;4;4;[3.1449127e-03,4.6139732e-02,1.6209377e-05,2.6334755e-04,9.5043576e-01]
3;0;4;[2.5050152e-02,8.3168752e-02,5.3698236e-06,1.0937914e-03,8.9068192e-01]
3;3;3;[0.00729294,0.02150541,0.00076226,0.5894143 ,0.3810251 ]
1;4;3;[0.00658089,0.01689843,0.00305577,0.84145993,0.13200507]
2;0;4;[0.35061076,0.15360282,0.00048883,0.04893544,0.4463622 ]
2;3;3;[9.5796341e-04,2.6573386e-04,4.5705670e-03,9.9043089e-01,3.7749382e-03]
1;3;3;[3.5455574e-03,2.7154427e-04,1.3330820e-02,9.7286195e-01,9.9902283e-03]
1;3;3;[0.00543866,0.00169213,0.01087304,0.9536742 ,0.02832203]
2;4;4;[3.1449127e-03,4.6139732e-02,1.6209377e-05,2.6334755e-04,9.5043576e-01]
3;0;4;[8.7078623e-02,1.2823999e-01,1.2271641e-05,2.3590385e-03,7.8231013e-01]
3;3;3;[0.0021599 ,0.00203933,0.00114719,0.9657146 ,0.0289391 ]
2;0;4;[3.0825578e-02,3.4400904e-01,1.6426414e-04,7.6555292e-04,6.2423563e-01]
2;3;3;[0.00285022,0.00104087,0.09898697,0.87006724,0.02705475]
1;4;3;[3.4872312e-03,2.5761203e-04,1.3394895e-02,9.7318292e-01,9.6773403e-03]
2;1;0;[0.43896744,0.12973721,0.00226662,0.06482499,0.3642037 ]
3;4;4;[3.4269568e-02,4.9606699e-02,5.2527437e-04,2.2428459e-02,8.9317000e-01]
4;0;0;[5.60839653e-01,1.42978981e-01,1.18115146e-04,7.55172409e-03,2.88511485e-01]
4;3;3;[0.00382564,0.00208801,0.00132536,0.95343584,0.03932517]
2;4;4;[3.4349146e-03,3.6017705e-02,1.4055963e-05,2.1134404e-04,9.6032196e-01]
3;4;4;[3.60143445e-02,1.18002005e-01,4.85483179e-06,7.98834255e-04,8.45179975e-01]
4;0;4;[1.1547744e-01,1.6889237e-01,1.6706463e-05,6.7689586e-03,7.0884454e-01]
4;3;3;[4.0398500e-04,1.1998133e-04,1.1253621e-03,9.9459392e-01,3.7566752e-03]
2;4;4;[3.2072782e-03,4.3296818e-02,1.5673337e-05,2.4727170e-04,9.5323294e-01]
3;0;4;[1.3191454e-01,1.4821003e-01,1.4561725e-05,2.7410490e-03,7.1711981e-01]
3;3;3;[3.4210077e-03,7.9361275e-03,7.9479156e-04,8.0113077e-01,1.8671741e-01]
2;4;4;[3.2264530e-03,4.2411525e-02,1.5508203e-05,2.4252252e-04,9.5410395e-01]
3;0;4;[1.3563968e-01,1.4908201e-01,1.4617277e-05,2.7619628e-03,7.1250176e-01]
3;3;3;[0.00369071,0.00839621,0.00081875,0.7979238 ,0.18917057]
2;0;4;[0.48321152,0.013336  ,0.00104488,0.00378525,0.49862236]
2;3;3;[4.4221099e-05,2.2660859e-05,9.3657868e-03,9.8956114e-01,1.0060924e-03]
1;3;3;[0.00502338,0.00936654,0.00286128,0.88731194,0.09543683]
1;3;3;[3.1485190e-03,1.8867276e-04,1.3849619e-02,9.7481573e-01,7.9974374e-03]
1;3;3;[0.00224067,0.00241235,0.00245301,0.95509106,0.03780285]
2;0;4;[0.41446102,0.02490751,0.00105301,0.00287016,0.55670834]
2;3;3;[7.3032963e-05,4.6000292e-05,8.6290371e-03,9.8967135e-01,1.5804995e-03]
2;0;4;[3.6440644e-02,1.8925981e-01,3.5570280e-04,1.0265888e-03,7.7291721e-01]
2;3;3;[0.00203183,0.00081985,0.18281513,0.7899985 ,0.02433464]
1;3;3;[0.00493287,0.00101983,0.01151759,0.9614045 ,0.02112534]
1;3;3;[0.00491439,0.00893628,0.00284712,0.8903448 ,0.09295736]
2;0;4;[0.19953415,0.13865858,0.00082731,0.00200209,0.65897787]
2;3;3;[1.5406695e-03,1.9944779e-04,3.8575757e-02,9.5412254e-01,5.5615082e-03]
2;4;4;[3.1317654e-03,5.1506873e-02,1.7332781e-05,2.8726703e-04,9.4505674e-01]
3;4;4;[2.3934847e-02,8.0459855e-02,5.9131926e-06,1.1899681e-03,8.9440942e-01]
4;0;4;[1.5232237e-01,1.2529972e-01,2.6770691e-05,1.0235870e-02,7.1211523e-01]
4;3;3;[2.6262336e-04,1.9353922e-04,1.5754426e-03,9.9329573e-01,4.6727327e-03]
2;0;4;[0.3658851 ,0.03744884,0.00105265,0.00230605,0.5933073 ]
2;4;3;[1.1190846e-04,8.3683619e-05,7.0008128e-03,9.9046373e-01,2.3398751e-03]
3;0;0;[0.41266063,0.16601947,0.00599059,0.05333641,0.3619929 ]
3;4;3;[2.1962378e-04,1.1646835e-04,3.1194554e-03,9.9370557e-01,2.8389220e-03]
4;0;0;[0.694298  ,0.02181301,0.00102635,0.03446628,0.24839634]
4;4;3;[1.0764428e-03,4.1727151e-05,2.1923378e-03,9.9529392e-01,1.3955615e-03]
5;0;3;[0.33887905,0.01354853,0.00246988,0.57714456,0.06795796]
5;3;3;[1.40624761e-03,1.13681366e-04,9.54171410e-04,9.92933869e-01,4.59203869e-03]
1;3;3;[0.0068962 ,0.0197761 ,0.00331646,0.8363869 ,0.13362426]
1;3;3;[4.6936059e-03,8.1777608e-04,1.1838616e-02,9.6397513e-01,1.8674750e-02]
1;3;3;[3.6061376e-03,2.8656100e-04,1.3265476e-02,9.7252142e-01,1.0320374e-02]
2;4;4;[3.3824826e-03,3.7447140e-02,1.4335962e-05,2.1734995e-04,9.5893872e-01]
3;0;4;[4.0773022e-01,1.4614636e-01,2.0562506e-05,4.0110433e-03,4.4209176e-01]
3;3;3;[2.3797906e-03,3.4827238e-03,8.1906328e-04,9.2100263e-01,7.2315805e-02]
1;3;3;[0.00581463,0.01539459,0.00433237,0.88760835,0.08685007]
2;4;4;[0.3189168 ,0.08627617,0.00111458,0.0019968 ,0.5916956 ]
3;4;4;[1.4713237e-01,1.3117668e-01,4.5330715e-04,1.1222697e-03,7.2011542e-01]
4;4;4;[1.2775970e-01,1.1882056e-01,4.0738948e-04,7.4880180e-04,7.5226361e-01]
5;4;4;[1.4929691e-01,6.1131284e-02,5.4205512e-04,7.6864223e-04,7.8826112e-01]
6;0;4;[1.4633337e-01,5.5086341e-02,6.0234527e-04,1.0483691e-03,7.9692954e-01]
6;3;3;[2.1535356e-03,2.1360155e-04,9.1354236e-02,8.9909601e-01,7.1827252e-03]
1;3;3;[0.00710133,0.02016166,0.00318701,0.825555  ,0.14399499]
1;3;3;[3.4068369e-03,2.3923264e-04,1.3485177e-02,9.7361481e-01,9.2540635e-03]
1;3;3;[0.00505159,0.00113304,0.01139659,0.9599585 ,0.02246035]
1;3;3;[4.1462313e-03,4.6439905e-04,1.2700252e-02,9.6898949e-01,1.3699519e-02]
1;3;3;[3.4281448e-03,2.4401200e-04,1.3461005e-02,9.7350138e-01,9.3653481e-03]
1;3;3;[0.00709437,0.0201686 ,0.00320038,0.82621175,0.14332488]
1;3;3;[0.00316996,0.00413694,0.00263168,0.93440646,0.05565502]
2;4;4;[3.1870601e-03,4.4205412e-02,1.5847212e-05,2.5246886e-04,9.5233923e-01]
3;1;4;[2.9145949e-02,8.0093041e-02,6.3590796e-06,1.3211262e-03,8.8943356e-01]
4;1;4;[5.3503849e-03,2.6544970e-02,9.3349527e-06,8.4521074e-04,9.6725011e-01]
5;4;4;[9.0543414e-03,6.6830583e-02,3.7139209e-05,2.1449886e-03,9.2193294e-01]
6;1;4;[1.8440506e-01,2.4098907e-01,1.1117523e-05,6.7169680e-03,5.6787771e-01]
7;4;4;[1.5812991e-02,1.7480258e-02,1.7748003e-05,4.1191899e-03,9.6256977e-01]
8;1;4;[3.7799144e-01,2.0518348e-01,1.8300281e-05,3.4084700e-03,4.1339833e-01]
9;4;4;[3.1524155e-02,2.4649365e-02,3.2542564e-05,4.8247203e-03,9.3896919e-01]
10;4;4;[2.3244834e-01,2.1234183e-01,1.1536900e-05,2.6545362e-03,5.5254370e-01]
11;0;4;[3.3132872e-01,2.4495900e-01,3.3659318e-05,1.0024988e-02,4.1365364e-01]
11;3;3;[2.8730924e-03,1.7008133e-03,2.2164304e-04,9.6515691e-01,3.0047577e-02]
2;4;4;[3.9695036e-03,1.0101650e-01,3.0627118e-05,4.7601006e-04,8.9450741e-01]
3;0;0;[4.4578066e-01,1.1211972e-01,3.4763347e-05,3.9775991e-03,4.3808720e-01]
3;3;3;[4.0540757e-04,5.6683616e-04,9.0613170e-04,9.7880059e-01,1.9321004e-02]
2;0;4;[0.32981035,0.05843765,0.00109367,0.00196429,0.608694  ]
2;3;3;[0.00211904,0.00093746,0.12537521,0.8541353 ,0.01743302]
2;1;4;[0.19382101,0.09817085,0.00076195,0.00282057,0.70442563]
3;4;4;[3.7327025e-03,3.4939267e-02,5.1422157e-05,1.1763804e-04,9.6115893e-01]
4;1;4;[9.3466379e-02,3.1678900e-01,2.0431267e-05,2.8904327e-04,5.8943516e-01]
5;4;4;[9.2420597e-03,3.5202079e-02,1.9598438e-05,2.9302362e-04,9.5524323e-01]
6;4;0;[4.4416672e-01,1.1080208e-01,4.8942973e-05,1.4424574e-03,4.4353980e-01]
7;4;0;[6.1465079e-01,9.5226295e-02,5.9940881e-05,3.6064289e-03,2.8645656e-01]
8;0;0;[6.0895514e-01,8.0556840e-02,1.1651803e-04,2.1284653e-03,3.0824301e-01]
8;3;3;[0.00396609,0.00466846,0.00725449,0.92625666,0.05785434]
2;0;4;[0.18296196,0.11312938,0.00071918,0.00269934,0.7004901 ]
2;3;3;[1.1876792e-03,1.1515048e-04,2.7770594e-02,9.6733409e-01,3.5925258e-03]
1;3;3;[3.4539904e-03,2.4989861e-04,1.3431925e-02,9.7336292e-01,9.5012197e-03]
2;0;4;[0.43985155,0.01992009,0.0010501 ,0.00319862,0.5359797 ]
2;3;3;[1.1080515e-03,4.6869533e-04,1.4420411e-01,8.4557235e-01,8.6468635e-03]
2;1;4;[0.18338373,0.12122591,0.0007202 ,0.002512  ,0.69215816]
3;1;4;[2.9390708e-03,5.3671278e-02,6.9505266e-05,2.3291599e-04,9.4308722e-01]
4;4;4;[8.0380868e-03,1.2952493e-01,1.8762698e-04,7.5766561e-04,8.6149168e-01]
5;1;4;[1.3209224e-01,1.4869441e-01,4.4212371e-05,2.9944975e-03,7.1617466e-01]
6;4;4;[2.8134631e-02,4.0063921e-02,1.2111865e-04,4.0411986e-03,9.2763913e-01]
7;4;4;[4.06314105e-01,9.02150944e-02,1.19258366e-04,1.43238727e-03,5.01919150e-01]
8;4;4;[3.8563326e-01,2.9799964e-02,2.8216286e-04,4.8315665e-03,5.7945305e-01]
9;0;0;[6.4245939e-01,3.8428739e-02,2.2253496e-04,3.1953868e-03,3.1569391e-01]
9;3;3;[0.00423318,0.00207223,0.01487795,0.95721626,0.02160025]
2;1;4;[3.6524892e-02,7.9819076e-02,5.0458679e-04,1.1901346e-03,8.8196135e-01]
3;4;4;[5.08171227e-03,1.14311345e-01,4.64010460e-04,7.50768115e-04,8.79392147e-01]
4;0;4;[1.9811042e-01,1.4027624e-01,2.6101299e-04,9.8245870e-04,6.6036987e-01]
4;3;3;[0.00438986,0.0060188 ,0.02763593,0.7244861 ,0.23746932]
2;4;4;[3.1327871e-03,5.1618010e-02,1.7358074e-05,2.8771724e-04,9.4494408e-01]
3;0;4;[2.1027182e-01,1.6179344e-01,1.9765675e-05,3.2707686e-03,6.2464422e-01]
3;3;3;[0.00168222,0.00130458,0.00139571,0.9805654 ,0.01505203]
1;3;3;[0.00650353,0.01879593,0.00355773,0.8536589 ,0.11748385]
1;3;3;[3.5372246e-03,2.6952228e-04,1.3339903e-02,9.7290808e-01,9.9452296e-03]
1;3;3;[0.00553608,0.00205604,0.01045169,0.950623  ,0.03133322]
1;3;3;[3.7521229e-03,3.2510603e-04,1.3112829e-02,9.7167236e-01,1.1137585e-02]
1;3;3;[4.14685998e-03,4.64701152e-04,1.26992455e-02,9.68984783e-01,1.37043931e-02]
1;3;3;[0.00632895,0.01553265,0.00300832,0.8489357 ,0.12619433]
1;3;3;[4.5014611e-03,6.7782059e-04,1.2113349e-02,9.6587092e-01,1.6836494e-02]
2;0;4;[3.3588257e-02,2.8838098e-01,2.4146895e-04,8.9147722e-04,6.7689782e-01]
2;3;3;[0.00789131,0.04898029,0.02210192,0.6377339 ,0.2832926 ]
2;4;4;[3.5171581e-03,3.4714606e-02,1.4279166e-05,2.1398139e-04,9.6153992e-01]
3;0;4;[1.2283314e-01,1.4456165e-01,1.3113864e-05,2.7557381e-03,7.2983634e-01]
3;3;3;[0.00302463,0.0020447 ,0.00108995,0.9620939 ,0.03174688]
1;3;3;[0.0069716 ,0.01961385,0.00313055,0.8266039 ,0.14367996]
2;0;4;[0.18514392,0.10682225,0.00072794,0.00283663,0.70446926]
2;3;3;[1.5200853e-03,2.0499187e-04,2.9581957e-02,9.6338427e-01,5.3087147e-03]
1;3;3;[4.2641438e-03,5.2710611e-04,1.2497233e-02,9.6803689e-01,1.4674653e-02]
1;3;3;[0.00578466,0.01509684,0.00438257,0.88940316,0.08533268]
2;0;4;[0.26896188,0.13087475,0.00101714,0.00199781,0.5971484 ]
2;3;3;[2.4055855e-03,6.7334471e-04,6.4306349e-02,9.1897452e-01,1.3640259e-02]
2;4;4;[3.1163297e-03,4.9135793e-02,1.6801301e-05,2.7748957e-04,9.4745356e-01]
3;4;4;[2.4488337e-02,1.0362950e-01,4.3172713e-06,8.5827778e-04,8.7101954e-01]
4;4;4;[1.4973936e-02,1.0317242e-01,1.2968200e-05,2.7226584e-03,8.7911797e-01]
5;4;4;[4.71231826e-02,3.18982661e-01,1.24692515e-05,1.79440307e-03,6.32087290e-01]
6;0;4;[3.2196209e-01,6.8046190e-02,2.7604012e-05,5.1676882e-03,6.0479647e-01]
6;3;3;[6.71059606e-05,1.01493606e-04,3.06876056e-04,9.94726717e-01,4.79775248e-03]
2;4;4;[0.2754341 ,0.1259415 ,0.0010322 ,0.00199637,0.59559584]
3;0;4;[3.6275092e-01,2.2397730e-02,3.3346342e-04,2.3362378e-03,6.1218166e-01]
3;3;3;[3.6969007e-04,4.4616195e-04,6.1309785e-02,9.2992532e-01,7.9490440e-03]
1;3;3;[4.0499172e-03,4.2420896e-04,1.2809255e-02,9.6970391e-01,1.3012691e-02]
2;0;4;[0.41322175,0.02516917,0.00105336,0.002855  ,0.5577007 ]
2;3;3;[1.2152186e-03,4.3019213e-04,1.3975386e-01,8.4983194e-01,8.7686786e-03]
1;3;3;[0.00466323,0.00800593,0.00281463,0.8972253 ,0.08729103]
2;1;4;[3.5219561e-02,2.3888475e-01,3.0059324e-04,9.6009561e-04,7.2463500e-01]
3;4;4;[5.3282925e-03,1.9228457e-01,2.8209065e-04,6.3378888e-04,8.0147123e-01]
4;4;4;[1.5906556e-01,2.5419050e-01,8.1183163e-05,9.5675350e-04,5.8570600e-01]
5;4;0;[3.4696090e-01,3.0230927e-01,2.7738570e-04,4.5993524e-03,3.4585309e-01]
6;0;0;[5.4338109e-01,1.2748538e-01,3.9868604e-04,2.9597401e-03,3.2577500e-01]
6;3;3;[3.1498179e-04,4.8506289e-04,4.5029637e-03,9.8990542e-01,4.7915215e-03]
2;4;4;[3.2827794e-03,4.0411510e-02,1.5101317e-05,2.3271400e-04,9.5605791e-01]
3;0;4;[3.8672838e-02,8.7759323e-02,7.2171597e-06,1.5003830e-03,8.7206024e-01]
3;3;3;[0.00668093,0.01339274,0.00098282,0.7722632 ,0.20668025]
1;3;3;[0.00654525,0.0189267 ,0.00353201,0.85202914,0.11896688]
1;3;3;[4.4194292e-03,6.2414375e-04,1.2232741e-02,9.6663988e-01,1.6083760e-02]
2;4;4;[0.18568999,0.13461761,0.0007325 ,0.00220519,0.6767547 ]
3;0;4;[2.4842755e-01,5.0854594e-02,1.7236930e-04,2.4414745e-03,6.9810402e-01]
3;3;3;[1.8241657e-04,2.3007137e-04,1.1878158e-02,9.8149753e-01,6.2118592e-03]
1;3;3;[0.00495101,0.00907952,0.00285193,0.8893286 ,0.093789  ]
1;3;3;[0.00523416,0.01023182,0.00288728,0.8813856 ,0.10026105]
2;4;4;[0.18413578,0.12684707,0.00072361,0.00238735,0.6859062 ]
3;4;4;[4.1885605e-01,2.4957107e-02,1.8918954e-04,4.3208627e-03,5.5167681e-01]
4;0;4;[2.5433007e-01,2.1598147e-02,2.8474734e-04,5.8959564e-03,7.1789104e-01]
4;3;3;[3.0603583e-04,8.2657534e-05,2.2326255e-02,9.7290975e-01,4.3753954e-03]
2;4;4;[3.2326079e-03,4.2120185e-02,1.5454683e-05,2.4117826e-04,9.5439053e-01]
3;1;4;[2.8897833e-02,8.2621515e-02,5.8600913e-06,1.2076012e-03,8.8726717e-01]
4;4;4;[4.6951277e-03,1.8021435e-02,6.8419649e-06,5.9674401e-04,9.7667992e-01]
5;1;4;[2.2119796e-01,1.7176284e-01,9.7123802e-06,2.5468254e-03,6.0448265e-01]
6;4;4;[1.0720476e-02,1.2899541e-02,6.1636201e-06,6.4861478e-04,9.7572517e-01]
7;1;4;[1.8647185e-01,1.5753941e-01,4.9017690e-06,1.2915761e-03,6.5469223e-01]
8;4;4;[2.0489005e-02,7.2192699e-02,1.4081168e-05,2.5714010e-03,9.0473276e-01]
9;1;4;[2.0494495e-01,2.1850558e-01,7.2041648e-06,3.0952787e-03,5.7344693e-01]
10;4;4;[2.6268464e-02,2.1759965e-02,1.1684816e-05,2.1263049e-03,9.4983357e-01]
11;4;4;[2.6401129e-01,1.5377891e-01,6.9625344e-06,3.2139751e-03,5.7898885e-01]
12;0;4;[2.2817424e-01,2.1345374e-01,1.3364220e-05,6.8823784e-03,5.5147636e-01]
12;3;3;[3.5177976e-02,1.3784174e-02,2.7396978e-04,7.9184365e-01,1.5892023e-01]
2;4;4;[3.1261914e-03,4.7039162e-02,1.6371951e-05,2.6828752e-04,9.4955003e-01]
3;1;4;[2.4143713e-02,8.7073438e-02,5.0497715e-06,1.0071752e-03,8.8777059e-01]
4;4;4;[4.1658743e-03,2.0744996e-02,6.6102366e-06,5.4931728e-04,9.7453314e-01]
5;1;4;[2.3383540e-01,1.6375086e-01,8.5499860e-06,2.6134055e-03,5.9979177e-01]
6;4;4;[1.2162380e-02,1.5711814e-02,6.7213041e-06,9.0357015e-04,9.7121555e-01]
7;1;4;[1.8463412e-01,1.7061800e-01,4.6562914e-06,1.4602188e-03,6.4328295e-01]
8;4;4;[2.1724328e-02,6.3569978e-02,1.2353171e-05,2.7248776e-03,9.1196847e-01]
9;1;4;[1.9125283e-01,2.1419683e-01,6.1697747e-06,2.6299492e-03,5.9191418e-01]
10;4;4;[2.2714512e-02,1.6242003e-02,8.6889586e-06,1.6597195e-03,9.5937508e-01]
11;4;4;[2.9266608e-01,1.4767917e-01,5.2374376e-06,2.6215899e-03,5.5702794e-01]
12;0;4;[2.4929380e-01,2.0692647e-01,1.0818818e-05,7.2622825e-03,5.3650665e-01]
12;3;3;[4.1750941e-02,1.6738864e-02,2.2072272e-04,7.6274949e-01,1.7854005e-01]
1;3;3;[3.6367909e-03,2.9437433e-04,1.3232863e-02,9.7234660e-01,1.0489422e-02]
1;3;3;[0.00691812,0.01919476,0.00312147,0.82875186,0.14201386]
2;0;4;[0.4561756 ,0.01716398,0.00104635,0.00341807,0.522196  ]
2;3;3;[5.6888710e-04,4.8205827e-04,9.7455062e-02,8.9486182e-01,6.6321841e-03]
2;1;4;[3.1691410e-02,3.3049372e-01,1.8788592e-04,8.0873061e-04,6.3681823e-01]
3;4;4;[5.5213426e-03,2.2867027e-01,1.5444460e-04,5.3161569e-04,7.6512229e-01]
4;0;4;[1.9590618e-01,2.9318845e-01,9.9362012e-05,1.1920702e-03,5.0961393e-01]
4;3;3;[0.01019128,0.02422858,0.01022014,0.5498203 ,0.40553972]
2;4;4;[2.8303729e-02,3.1556940e-01,1.2051702e-04,6.5592153e-04,6.5535039e-01]
3;0;4;[6.0399503e-02,3.5828465e-01,4.6033727e-04,1.3348870e-03,5.7952064e-01]
3;3;3;[2.4009496e-03,1.9123330e-04,8.6951710e-02,9.0569091e-01,4.7652582e-03]
2;0;4;[0.18510126,0.13137272,0.00072948,0.00228192,0.6805146 ]
2;3;3;[1.4143520e-03,1.7344106e-04,3.2708798e-02,9.6088207e-01,4.8213075e-03]
1;3;3;[0.00526888,0.00138111,0.01115486,0.9569309 ,0.02526435]
1;3;3;[0.00686739,0.01972333,0.0033333 ,0.83778745,0.13228855]
2;1;4;[3.7588305e-03,9.2308670e-02,2.8010681e-05,4.4116881e-04,9.0346330e-01]
3;4;4;[8.1906086e-03,3.1177187e-01,1.4649694e-04,1.6041931e-03,6.7828685e-01]
4;4;4;[1.3895026e-01,2.9827493e-01,1.9455485e-05,4.4298647e-03,5.5832553e-01]
5;1;1;[2.3939925e-01,4.1187069e-01,5.6635239e-05,1.6666336e-02,3.3200714e-01]
6;1;4;[1.6630614e-02,5.3511664e-02,8.8620407e-05,3.0221851e-03,9.2674690e-01]
7;4;4;[1.5281855e-02,2.4832386e-01,1.9732566e-04,5.3986907e-03,7.3079824e-01]
8;0;4;[8.7564051e-02,3.8470876e-01,1.9790918e-05,4.6245703e-03,5.2308285e-01]
8;4;3;[0.00232694,0.00444499,0.00175172,0.9822019 ,0.00927451]
9;0;1;[2.2244525e-01,5.6368321e-01,3.1099419e-04,2.7285531e-02,1.8627509e-01]
9;3;3;[7.0349540e-04,2.5836220e-03,8.2586176e-04,9.9106497e-01,4.8220078e-03]
1;3;3;[0.00541194,0.00162237,0.01093604,0.95434135,0.0276884 ]
1;3;3;[0.00505408,0.00113551,0.01139419,0.9599272 ,0.02248908]
2;4;4;[0.18518683,0.13181601,0.0007299 ,0.00227182,0.6799954 ]
3;0;4;[1.4017162e-01,1.3291948e-01,1.7883092e-04,1.2851332e-03,7.2544491e-01]
3;3;3;[1.54811435e-03,6.90742105e-04,5.59163392e-02,9.31146324e-01,1.06983725e-02]
1;3;3;[0.00478381,0.00843657,0.00282959,0.8939451 ,0.09000503]
1;3;3;[4.11821948e-03,4.51489206e-04,1.27383796e-02,9.69204545e-01,1.34872915e-02]
1;3;3;[0.00553378,0.00214201,0.01025728,0.95021486,0.03185211]
2;4;4;[0.19732763,0.13851504,0.0008144 ,0.00201747,0.66132545]
3;4;4;[1.58735454e-01,1.02633834e-01,2.08089245e-04,1.31902797e-03,7.37103641e-01]
4;4;4;[1.4096600e-01,6.9618650e-02,3.0350318e-04,2.0251914e-03,7.8708673e-01]
5;1;4;[1.2262417e-01,1.5199135e-01,2.4502445e-04,9.7832945e-04,7.2416115e-01]
6;4;4;[4.6087564e-03,5.3364858e-02,8.6318301e-05,3.0370601e-04,9.4163638e-01]
7;0;4;[6.3065194e-02,2.6927766e-01,1.9353964e-05,6.4159965e-04,6.6699624e-01]
7;3;3;[0.0066867 ,0.00353259,0.00476394,0.9354348 ,0.04958188]
2;4;4;[0.32983643,0.05943433,0.00109471,0.00196034,0.6076742 ]
3;4;4;[1.6463751e-01,1.1723715e-01,5.4098183e-04,1.5624878e-03,7.1602190e-01]
4;4;4;[1.3447817e-01,1.3260895e-01,3.5508294e-04,9.5334020e-04,7.3160452e-01]
5;0;4;[1.2681039e-01,1.8423539e-01,4.2295957e-04,7.2080438e-04,6.8781048e-01]
5;3;3;[8.2788884e-04,6.1825494e-04,1.5292672e-02,9.6601850e-01,1.7242635e-02]
2;4;4;[3.3921853e-03,3.7171293e-02,1.4261925e-05,2.1588069e-04,9.5920640e-01]
3;0;4;[3.33425477e-02,1.19471855e-01,4.48939363e-06,7.28517829e-04,8.46452653e-01]
3;3;3;[1.3360555e-03,5.0946831e-04,9.2904310e-04,9.8057622e-01,1.6649142e-02]
2;0;4;[3.5302762e-02,2.3473561e-01,3.0546414e-04,9.6350606e-04,7.2869265e-01]
2;3;3;[0.00728855,0.03884856,0.02791724,0.6529131 ,0.27303252]
2;4;4;[3.2913573e-03,4.0158123e-02,1.5038496e-05,2.3144684e-04,9.5630401e-01]
3;0;0;[4.3248323e-01,1.3099746e-01,2.1406120e-05,4.1138004e-03,4.3238416e-01]
3;3;3;[0.00259806,0.00357965,0.00095791,0.9356082 ,0.05725617]
2;4;4;[0.21527389,0.13834012,0.00087238,0.00195997,0.64355373]
3;0;4;[2.7194262e-01,3.7269108e-02,2.1930720e-04,2.3243930e-03,6.8824452e-01]
3;3;3;[2.1258088e-04,4.1952715e-04,1.9740252e-01,7.8999239e-01,1.1972995e-02]
1;3;3;[0.00446922,0.00736713,0.00279306,0.9024648 ,0.08290587]
2;0;4;[0.31502622,0.09003321,0.00111379,0.00199904,0.5918277 ]
2;3;3;[2.06979783e-03,4.23452497e-04,1.02406695e-01,8.83891821e-01,1.12082893e-02]
1;3;3;[3.9078193e-03,3.7387523e-04,1.2950087e-02,9.7067833e-01,1.2089898e-02]
1;3;3;[3.9955620e-03,4.0435875e-04,1.2862701e-02,9.7008264e-01,1.2654759e-02]
1;3;3;[0.00567864,0.01222511,0.00293742,0.86858284,0.11057605]
1;3;3;[4.0615764e-03,4.2854904e-04,1.2798096e-02,9.6962166e-01,1.3090048e-02]
2;4;4;[3.9105709e-03,3.1713482e-02,1.5601945e-05,2.3421683e-04,9.6412617e-01]
3;0;4;[3.2642871e-01,1.8309565e-01,1.8906961e-05,3.7064033e-03,4.8675030e-01]
3;3;3;[0.00442586,0.00733533,0.00087701,0.8576741 ,0.12968764]
1;3;3;[0.0019088 ,0.00187521,0.0023817 ,0.962244  ,0.03159039]
1;3;3;[0.00700504,0.01997986,0.00325381,0.8310287 ,0.13873255]
1;3;3;[0.00384616,0.00566265,0.00272125,0.9182951 ,0.06947482]
1;3;3;[0.00707645,0.0201173 ,0.0032152 ,0.8275004 ,0.14209072]
1;3;3;[4.7856416e-03,8.9108176e-04,1.1707682e-02,9.6302617e-01,1.9589376e-02]
1;3;3;[0.00498733,0.00922294,0.00285664,0.8883177 ,0.09461538]
1;3;3;[0.00667692,0.01933243,0.00345166,0.8467714 ,0.12376751]
1;3;3;[0.00551355,0.00316447,0.00862045,0.9454426 ,0.03725883]
1;3;3;[4.1751349e-03,4.7849736e-04,1.2653515e-02,9.6876693e-01,1.3925837e-02]
1;3;3;[0.00578585,0.01274831,0.00294888,0.8654186 ,0.11309838]
1;3;3;[4.1533406e-03,4.6783555e-04,1.2688730e-02,9.6893519e-01,1.3754964e-02]
1;3;3;[0.00689267,0.01976965,0.00331852,0.8365591 ,0.13346   ]
1;3;3;[0.00700227,0.01973037,0.00313884,0.82610863,0.14401981]
2;4;4;[4.8024943e-03,2.7089454e-02,1.8760940e-05,2.8002405e-04,9.6780932e-01]
3;4;4;[8.7405585e-02,1.4411464e-01,9.6023177e-06,2.0024844e-03,7.6646769e-01]
4;0;4;[3.1530690e-01,1.2733008e-01,2.8066923e-05,1.1796336e-02,5.4553860e-01]
4;3;3;[1.4789804e-04,1.5603146e-04,4.1220128e-04,9.9534023e-01,3.9436449e-03]
1;3;3;[0.00505375,0.00113519,0.0113945 ,0.95993114,0.02248533]
1;3;3;[0.00490925,0.00099817,0.01154637,0.9616732 ,0.02087307]
1;3;3;[0.00584843,0.01584146,0.00425863,0.8848141 ,0.08923741]
2;4;4;[3.1212296e-03,5.0336972e-02,1.7066252e-05,2.8249572e-04,9.4624227e-01]
3;4;4;[2.5732620e-02,1.2992220e-01,3.5558216e-06,6.4126379e-04,8.4370035e-01]
4;4;4;[1.5249655e-02,8.0984443e-02,1.0702996e-05,1.8864340e-03,9.0186876e-01]
5;0;4;[6.2716633e-02,3.4766519e-01,1.4441522e-05,1.7207488e-03,5.8788306e-01]
5;3;3;[0.00419636,0.00199509,0.00112819,0.960213  ,0.03246734]
1;3;3;[0.00551277,0.00321826,0.00856024,0.94519156,0.03751725]
1;3;3;[0.00681767,0.0196318 ,0.00336243,0.84017855,0.13000949]
1;3;3;[0.00551334,0.00317867,0.00860442,0.94537616,0.03732732]
1;3;3;[0.00542199,0.01103782,0.00290894,0.87604207,0.10458917]
1;3;3;[0.00379059,0.00552666,0.00271444,0.91963845,0.06832983]
1;3;3;[0.00497873,0.00106264,0.0114673 ,0.9608618 ,0.02162946]
1;3;3;[0.00598405,0.01678729,0.00403493,0.877165  ,0.09602868]
2;4;4;[3.1260538e-03,5.0889179e-02,1.7192131e-05,2.8475857e-04,9.4568288e-01]
3;0;4;[2.5533898e-02,1.1807171e-01,3.9117290e-06,7.4132037e-04,8.5564917e-01]
3;3;3;[0.00258734,0.00240686,0.00119056,0.9486138 ,0.04520147]
1;3;3;[0.00553409,0.00212729,0.01028973,0.95028514,0.03176376]
1;3;3;[4.5490996e-03,7.1064534e-04,1.2045159e-02,9.6541148e-01,1.7283587e-02]
1;3;3;[1.2626463e-03,8.7140303e-04,2.6918724e-03,9.7770303e-01,1.7471062e-02]
1;3;3;[0.00699357,0.01969728,0.00313649,0.8262492 ,0.14392348]
1;3;3;[0.00653875,0.01890633,0.003536  ,0.85228366,0.11873527]
1;3;3;[0.00491232,0.00100097,0.01154261,0.9616383 ,0.02090582]
2;4;4;[3.7314899e-03,3.2766741e-02,1.4981448e-05,2.2483265e-04,9.6326196e-01]
3;0;4;[3.8521513e-01,1.6230552e-01,2.0138841e-05,4.0021907e-03,4.4845694e-01]
3;3;3;[2.9051180e-03,4.3165227e-03,8.1904966e-04,9.0021396e-01,9.1745272e-02]
1;3;3;[0.00410448,0.00633676,0.00275167,0.91187006,0.07493692]
2;4;4;[0.22708829,0.13769126,0.00091136,0.00195649,0.6323526 ]
3;0;4;[2.2784708e-01,4.6654392e-02,2.3105653e-04,1.7798377e-03,7.2348762e-01]
3;3;3;[2.1860846e-04,2.8266956e-04,1.6958112e-02,9.7461772e-01,7.9228403e-03]
1;3;3;[0.00648127,0.01872604,0.00357182,0.8545319 ,0.11668906]
1;4;3;[0.00540373,0.00160149,0.01095546,0.95454323,0.02749626]
2;0;4;[0.3433627 ,0.15887886,0.00111024,0.042501  ,0.45414713]
2;4;3;[6.5144134e-04,7.5753877e-04,3.1250624e-03,9.8897994e-01,6.4860615e-03]
3;4;0;[0.6276059 ,0.064146  ,0.00063234,0.03581998,0.27179584]
4;4;0;[0.41960928,0.15929225,0.00271738,0.0611367 ,0.35724443]
5;0;0;[0.6466731 ,0.06306306,0.0006607 ,0.02090206,0.26870114]
5;3;3;[1.57391757e-03,1.04085026e-04,1.26018953e-02,9.84302044e-01,1.41802954e-03]
1;3;3;[0.00656412,0.01898589,0.00352043,0.8512881 ,0.11964156]
2;0;4;[3.6788128e-02,1.7213151e-01,3.7405800e-04,1.0485910e-03,7.8965771e-01]
2;3;3;[0.00530663,0.0221902 ,0.03066605,0.7317546 ,0.21008255]
2;1;4;[0.21982652,0.13810256,0.00088741,0.00195872,0.63922477]
3;4;4;[3.46126338e-03,5.77601567e-02,1.02672886e-04,3.34268203e-04,9.38341618e-01]
4;0;4;[6.8450324e-02,2.6501918e-01,1.8568753e-05,5.1930739e-04,6.6599262e-01]
4;3;3;[0.0102835 ,0.02780345,0.00580267,0.6502137 ,0.30589664]
1;3;3;[0.00687874,0.01974416,0.00332665,0.8372366 ,0.13281396]
1;3;3;[0.00523416,0.01023182,0.00288728,0.8813856 ,0.10026105]
1;3;3;[0.00351001,0.00486511,0.00268053,0.9264211 ,0.06252314]
