prefix_length;ground_truth;predicted;prediction_probs
2;0;0;[0.9580379 ,0.02343601,0.00233325,0.0108886 ,0.00530421]
2;0;0;[0.96147764,0.02063502,0.00190978,0.01084498,0.00513265]
2;0;0;[0.93640834,0.0411294 ,0.00533812,0.0110752 ,0.00604889]
2;1;1;[0.00549099,0.48528454,0.05720896,0.44988087,0.00213456]
3;1;1;[0.0023206 ,0.48012453,0.03571687,0.47924754,0.00259046]
4;3;3;[0.00189466,0.4774541 ,0.01688301,0.49924445,0.00452379]
5;0;0;[8.3062345e-01,2.5619182e-03,7.9633937e-06,7.8175006e-05,1.6672856e-01]
2;1;1;[0.00541408,0.6232608 ,0.147754  ,0.22119072,0.00238035]
3;3;1;[0.00358716,0.61556184,0.18062177,0.19906285,0.00116639]
4;0;0;[9.3025333e-01,1.9270821e-03,1.2023067e-04,4.7845076e-04,6.7220762e-02]
2;0;0;[0.9461238 ,0.03312653,0.00397824,0.0109951 ,0.00577635]
2;1;1;[6.4377085e-04,9.6228582e-01,3.5666257e-02,1.3749393e-03,2.9305709e-05]
3;1;1;[2.9937124e-03,4.2936540e-01,2.0113263e-01,3.6642706e-01,8.1213831e-05]
4;1;1;[1.9376266e-03,6.2732154e-01,9.6081652e-02,2.7455851e-01,1.0068699e-04]
5;1;3;[1.5205193e-03,3.3004707e-01,2.3077114e-01,4.3756744e-01,9.3790033e-05]
6;1;1;[8.6057419e-04,4.2703107e-01,1.7007560e-01,4.0186459e-01,1.6810311e-04]
7;2;3;[8.8860304e-04,4.1126755e-01,1.0954369e-01,4.7808665e-01,2.1349436e-04]
8;1;1;[1.7212661e-03,9.6405178e-01,3.0813944e-02,3.2940614e-03,1.1895586e-04]
9;1;1;[8.5996377e-04,7.8547746e-01,1.0637013e-01,1.0724814e-01,4.4315060e-05]
10;1;1;[6.53962314e-04,7.09973395e-01,1.17124684e-01,1.72215924e-01,3.19970022e-05]
11;1;1;[9.8354870e-04,5.2603769e-01,1.9346166e-01,2.7946278e-01,5.4291599e-05]
12;2;1;[5.7729147e-04,6.7847967e-01,1.4389241e-01,1.7699710e-01,5.3481977e-05]
13;1;1;[1.3639234e-03,9.4090086e-01,4.3146744e-02,1.4490664e-02,9.7763761e-05]
14;1;1;[7.4560288e-04,6.0939628e-01,1.4050518e-01,2.4931072e-01,4.2130079e-05]
15;3;1;[7.9099403e-04,4.8881632e-01,1.9056031e-01,3.1979015e-01,4.2170552e-05]
16;0;0;[0.8650554 ,0.12277571,0.00420068,0.0030307 ,0.00493755]
2;3;1;[4.0960699e-04,9.3411106e-01,1.1671590e-02,5.3602196e-02,2.0558841e-04]
3;0;0;[0.73292553,0.24546376,0.00164715,0.00225733,0.01770624]
2;0;0;[0.9544826 ,0.02633393,0.00279549,0.01092428,0.00546359]
2;0;0;[0.94518673,0.03389789,0.00410304,0.01100548,0.00580691]
2;0;0;[0.9540875 ,0.02665576,0.00284861,0.01092781,0.00548036]
2;1;1;[0.00529691,0.47999892,0.05057145,0.46213153,0.00200123]
3;1;1;[0.00259963,0.5862247 ,0.16541177,0.24337329,0.00239062]
4;3;1;[0.00228765,0.564657  ,0.01873703,0.41134536,0.00297302]
5;0;0;[8.3458793e-01,1.4094273e-03,2.0117133e-05,2.1210243e-04,1.6377045e-01]
2;0;0;[0.9654129 ,0.01745327,0.00147043,0.01075946,0.00490395]
2;3;1;[0.00615527,0.5498829 ,0.13834818,0.303024  ,0.00258974]
3;0;0;[9.3451273e-01,1.0025838e-03,1.5568684e-04,6.7699840e-04,6.3651882e-02]
2;1;1;[0.00537769,0.6116652 ,0.1042183 ,0.27586544,0.00287338]
3;1;1;[0.00286088,0.5858341 ,0.08215339,0.32770592,0.00144567]
4;3;1;[0.00236971,0.7090069 ,0.07894629,0.20799716,0.00167992]
5;0;0;[9.3844134e-01,2.1920106e-03,2.9513528e-04,7.1995374e-04,5.8351558e-02]
2;1;1;[1.0140447e-03,8.9472538e-01,1.0263145e-01,1.5890558e-03,4.0112551e-05]
3;2;1;[7.1648991e-04,8.7382591e-01,1.0241969e-01,2.3007451e-02,3.0502351e-05]
4;1;1;[7.8821077e-04,9.1319078e-01,8.4155068e-02,1.8388934e-03,2.7048520e-05]
5;3;1;[2.0689056e-03,5.4388821e-01,1.8934411e-01,2.6464567e-01,5.3035550e-05]
6;0;0;[0.94253665,0.04164629,0.00099742,0.01354274,0.001277  ]
2;0;0;[0.9572652 ,0.02406642,0.00243163,0.01089649,0.00534029]
2;3;3;[0.00501943,0.46591678,0.04047312,0.4867911 ,0.00179967]
3;0;0;[8.5268903e-01,2.0317887e-03,2.7646570e-04,3.2656279e-04,1.4467628e-01]
2;0;0;[0.853833  ,0.11636414,0.01672707,0.00919518,0.00388057]
2;0;0;[0.9119105 ,0.06067995,0.00947595,0.01183968,0.00609394]
2;0;0;[0.96046156,0.02146183,0.0020315 ,0.01085995,0.00518514]
2;1;1;[7.7087595e-04,9.4334620e-01,5.4418217e-02,1.4314724e-03,3.3230637e-05]
3;1;1;[2.9557748e-03,4.2779756e-01,1.8491313e-01,3.8423821e-01,9.5401068e-05]
4;2;1;[2.2595648e-03,6.6604149e-01,5.1202018e-02,2.8038317e-01,1.1374111e-04]
5;1;1;[2.04648543e-03,8.67466390e-01,1.23704754e-01,6.66569034e-03,1.16598276e-04]
6;1;1;[1.0495997e-03,6.0134077e-01,3.0365780e-01,9.3935117e-02,1.6680133e-05]
7;1;1;[7.7662728e-04,6.3284886e-01,2.3401546e-01,1.3233593e-01,2.3064325e-05]
8;2;2;[8.1119064e-04,4.3690151e-01,4.4383886e-01,1.1843195e-01,1.6488466e-05]
9;1;1;[7.1216776e-04,8.8098300e-01,1.1477433e-01,3.5181444e-03,1.2420527e-05]
10;1;1;[6.4739538e-04,5.6146872e-01,3.4796354e-01,8.9909062e-02,1.1256607e-05]
11;3;2;[5.9377134e-04,2.4799104e-01,6.0472625e-01,1.4668112e-01,7.8266885e-06]
12;0;0;[0.9413124 ,0.04629633,0.00292784,0.00597328,0.00349016]
2;0;0;[0.842807  ,0.12520583,0.01823464,0.00982594,0.00392663]
2;0;0;[0.7301758 ,0.21566832,0.03311702,0.01639054,0.00464838]
2;1;1;[6.3004327e-04,9.6745032e-01,3.0399088e-02,1.4908367e-03,2.9789662e-05]
3;2;1;[2.9106005e-03,4.7523701e-01,1.8580973e-01,3.3596304e-01,7.9652811e-05]
4;1;1;[7.4047496e-04,8.9575315e-01,9.9572457e-02,3.8905230e-03,4.3449585e-05]
5;1;1;[1.4265953e-03,5.7895207e-01,2.4585982e-01,1.7371421e-01,4.7321682e-05]
6;1;2;[9.6396630e-04,2.9238367e-01,3.7152895e-01,3.3510455e-01,1.8880815e-05]
7;3;1;[9.7855879e-04,3.4817314e-01,3.1870145e-01,3.3209950e-01,4.7278758e-05]
8;0;0;[9.9203062e-01,3.1427750e-03,6.4239604e-04,2.7082560e-03,1.4760483e-03]
2;0;0;[0.9523226 ,0.02809186,0.00309003,0.01094244,0.00555314]
2;1;1;[0.00163107,0.63650453,0.35361835,0.00341425,0.00483182]
3;3;1;[3.9063842e-04,9.3739867e-01,2.9975820e-02,3.1963799e-02,2.7110821e-04]
4;0;0;[0.65614665,0.21974856,0.00627276,0.00620755,0.11162444]
2;2;1;[6.0735788e-04,9.1162664e-01,4.1353010e-02,4.6252973e-02,1.5991795e-04]
3;1;1;[2.9626436e-04,9.5238447e-01,4.6538338e-02,7.4205478e-04,3.8909260e-05]
4;3;1;[9.9174469e-04,6.9898415e-01,1.6342668e-01,1.3652012e-01,7.7292156e-05]
5;0;0;[0.4875729 ,0.47946477,0.02071314,0.01081805,0.00143115]
2;3;1;[0.00544434,0.616375  ,0.15366752,0.22215074,0.00236238]
3;0;0;[9.5959646e-01,7.5967785e-04,1.3088637e-04,8.9158316e-04,3.8621373e-02]
2;0;0;[0.94876486,0.03098083,0.00359624,0.01096935,0.00568882]
2;0;0;[0.80383366,0.15246324,0.02334026,0.01449638,0.0058665 ]
2;3;1;[0.00618939,0.5195264 ,0.10558649,0.3660977 ,0.0026    ]
3;1;0;[9.3628049e-01,6.3574570e-03,1.1828894e-03,5.0288817e-04,5.5676207e-02]
4;3;2;[0.03315241,0.39734763,0.41917273,0.14702019,0.00330705]
5;0;0;[9.6837538e-01,1.1211624e-02,3.8802522e-04,2.3681885e-03,1.7656831e-02]
2;0;0;[0.7411707 ,0.20697789,0.03083871,0.01590593,0.00510678]
2;3;3;[0.00484263,0.43492943,0.02587305,0.53274536,0.00160957]
3;0;0;[8.2288128e-01,1.1296514e-03,9.2656228e-05,3.1013243e-04,1.7558633e-01]
2;0;0;[0.95951104,0.02223565,0.00214801,0.01087237,0.00523287]
2;0;0;[0.9166528 ,0.05685088,0.00871218,0.01167871,0.00610548]
2;1;1;[7.9966761e-04,9.3904752e-01,5.8665745e-02,1.4530539e-03,3.4052428e-05]
3;1;1;[9.0344594e-04,8.7647194e-01,8.9048065e-02,3.3534497e-02,4.2028798e-05]
4;2;1;[5.9441640e-04,7.6325858e-01,1.8678029e-01,4.9334306e-02,3.2380744e-05]
5;1;1;[8.3756587e-04,9.4015855e-01,5.7360128e-02,1.5918660e-03,5.1845469e-05]
6;1;1;[1.3186455e-03,6.5153891e-01,2.2253774e-01,1.2455335e-01,5.1270155e-05]
7;1;2;[1.0642714e-03,3.8215357e-01,4.3418923e-01,1.8255083e-01,4.2088755e-05]
8;1;1;[9.5995673e-04,4.4357926e-01,3.8854101e-01,1.6684331e-01,7.6419477e-05]
9;1;1;[6.7521445e-04,5.1304626e-01,3.5933921e-01,1.2688281e-01,5.6526438e-05]
10;3;1;[6.5275177e-04,5.5538905e-01,3.3349362e-01,1.1041680e-01,4.7790847e-05]
11;0;0;[9.9193746e-01,2.3302231e-03,1.8169994e-04,4.0367218e-03,1.5139142e-03]
2;2;1;[0.00536109,0.6351499 ,0.13350779,0.22357395,0.00240737]
3;1;1;[7.2612957e-04,9.3485391e-01,6.3404061e-02,8.9407712e-04,1.2177198e-04]
4;3;1;[6.60454738e-04,8.46853912e-01,1.12400465e-01,4.00467291e-02,3.84329178e-05]
5;0;1;[2.3487809e-01,6.6186798e-01,8.9148112e-02,1.3484735e-02,6.2110089e-04]
2;0;0;[0.95189285,0.02844127,0.00314984,0.01094574,0.00557036]
2;0;0;[0.9155074 ,0.05777658,0.00889589,0.01171815,0.0061021 ]
2;1;1;[7.9824758e-04,9.3926233e-01,5.8453362e-02,1.4520121e-03,3.4012697e-05]
3;3;1;[2.9219829e-03,4.4028410e-01,1.8433572e-01,3.7236130e-01,9.6932585e-05]
4;0;0;[0.9179938 ,0.07003313,0.00261862,0.0064809 ,0.00287357]
2;2;1;[0.0051408 ,0.4749271 ,0.04558703,0.47244713,0.0018979 ]
3;1;1;[5.0572655e-04,9.7519386e-01,2.3170263e-02,9.8057429e-04,1.4962821e-04]
4;2;1;[7.6507544e-04,7.3143083e-01,1.8509240e-01,8.2668625e-02,4.3190110e-05]
5;1;1;[3.5653258e-04,9.5768654e-01,3.5825670e-02,6.1127637e-03,1.8530503e-05]
6;1;1;[4.05901112e-04,7.27970839e-01,1.50101125e-01,1.21507019e-01,1.52293505e-05]
7;3;1;[3.0829312e-04,6.7732000e-01,1.6708176e-01,1.5527183e-01,1.8178100e-05]
8;0;0;[0.87028414,0.07430398,0.0020235 ,0.04875528,0.00463311]
2;1;1;[6.4978126e-04,9.6087611e-01,3.7080072e-02,1.3646322e-03,2.9334364e-05]
3;1;1;[1.0687876e-03,8.6419874e-01,8.8625900e-02,4.6060935e-02,4.5484860e-05]
4;1;1;[5.8367755e-04,7.8838009e-01,1.5456897e-01,5.6434967e-02,3.2229556e-05]
5;3;3;[1.3358946e-03,3.2358873e-01,1.1628773e-01,5.5866814e-01,1.1947978e-04]
6;0;0;[9.9546671e-01,2.5571161e-03,7.6079290e-05,4.6305222e-04,1.4370615e-03]
2;0;0;[0.7650602 ,0.18735698,0.02893403,0.01445271,0.00419605]
2;0;0;[0.75422114,0.19615498,0.03027338,0.01511922,0.00423125]
2;0;0;[0.95491356,0.02598296,0.00273798,0.01092032,0.00544511]
2;1;1;[6.3331594e-04,9.6584678e-01,3.2046683e-02,1.4437488e-03,2.9633155e-05]
3;1;1;[2.9112413e-03,4.8360875e-01,1.9321151e-01,3.2018965e-01,7.8880010e-05]
4;1;3;[1.6978715e-03,3.6507523e-01,2.5939947e-01,3.7374753e-01,7.9872603e-05]
5;3;1;[9.3428476e-04,5.2319717e-01,1.8417953e-01,2.9156190e-01,1.2708362e-04]
6;0;0;[9.8616797e-01,9.3367966e-03,6.8828446e-04,6.3574611e-04,3.1712095e-03]
2;3;1;[0.00536472,0.63402814,0.13507509,0.22312994,0.00240216]
3;0;0;[0.9293214 ,0.01006657,0.00323388,0.00152934,0.0558488 ]
2;3;1;[0.005444  ,0.6166313 ,0.15352263,0.22203946,0.00236252]
3;0;0;[9.5980883e-01,7.5097563e-04,1.2882965e-04,8.9280971e-04,3.8418610e-02]
2;3;1;[0.00547038,0.60774577,0.15792   ,0.2265224 ,0.0023414 ]
3;0;0;[0.90725464,0.00716293,0.00183746,0.00107839,0.0826667 ]
2;0;0;[0.9444385 ,0.03451379,0.00420342,0.01101343,0.00583086]
2;0;0;[0.9353336 ,0.04198705,0.00552125,0.01110023,0.00605782]
2;1;1;[0.0062423 ,0.5391512 ,0.13146295,0.32052585,0.0026177 ]
3;3;3;[0.00299864,0.41934872,0.02236047,0.5534402 ,0.00185205]
4;0;0;[9.2496985e-01,7.9228979e-04,6.0358321e-05,1.5708042e-04,7.4020453e-02]
2;1;1;[6.0893287e-04,9.7290695e-01,2.4744257e-02,1.7092731e-03,3.0603831e-05]
3;3;1;[1.4979966e-03,7.8723460e-01,1.0235160e-01,1.0885330e-01,6.2546242e-05]
4;0;0;[0.8836225 ,0.09411445,0.00185908,0.01879934,0.00160456]
2;1;1;[7.9629821e-04,9.3955678e-01,5.8162317e-02,1.4505797e-03,3.3958135e-05]
3;1;1;[5.4818660e-04,9.0984035e-01,6.7212179e-02,2.2371881e-02,2.7450451e-05]
4;3;1;[3.7695456e-04,8.7696743e-01,9.4955564e-02,2.7678508e-02,2.1510898e-05]
5;1;0;[0.711381  ,0.2530217 ,0.00859567,0.00486851,0.02213302]
6;3;1;[2.9017336e-03,6.5311837e-01,1.4990878e-01,1.9376041e-01,3.1064329e-04]
7;0;0;[0.8767413 ,0.0876195 ,0.00088476,0.02854944,0.00620504]
2;1;1;[1.3497639e-03,8.5879850e-01,1.3781048e-01,1.9924832e-03,4.8834023e-05]
3;2;1;[7.7349955e-04,8.1482273e-01,1.5591499e-01,2.8450157e-02,3.8706159e-05]
4;1;1;[6.3793553e-04,9.1217625e-01,8.5503966e-02,1.6470257e-03,3.4751309e-05]
5;2;1;[1.1675736e-03,6.7207199e-01,2.7744627e-01,4.9294844e-02,1.9321717e-05]
6;1;1;[9.4155018e-04,8.8713646e-01,1.0844850e-01,3.4560761e-03,1.7408580e-05]
7;1;1;[1.0291549e-03,7.1703774e-01,2.1424396e-01,6.7671902e-02,1.7255543e-05]
8;3;1;[9.0022618e-04,4.1581205e-01,3.2461518e-01,2.5865224e-01,2.0358852e-05]
9;0;0;[9.7185528e-01,1.9811312e-02,9.6703053e-04,3.4383850e-03,3.9279531e-03]
2;0;0;[0.96416414,0.01846141,0.00160501,0.01078936,0.00498005]
2;1;1;[6.2881410e-04,9.6801591e-01,2.9817022e-02,1.5084351e-03,2.9841547e-05]
3;2;1;[1.0589380e-03,8.6079204e-01,8.3736196e-02,5.4363821e-02,4.8990438e-05]
4;1;1;[4.2774444e-04,9.5440555e-01,4.3297634e-02,1.8434211e-03,2.5573663e-05]
5;2;3;[1.8193658e-03,3.8661551e-01,1.4667204e-01,4.6484265e-01,5.0413066e-05]
6;1;1;[9.9365087e-04,9.3653566e-01,5.1995210e-02,1.0435362e-02,4.0153671e-05]
7;1;1;[1.5394161e-03,4.4653755e-01,1.4222400e-01,4.0966117e-01,3.7921291e-05]
8;2;3;[1.1462717e-03,4.2837870e-01,1.2564729e-01,4.4479832e-01,2.9433622e-05]
9;1;1;[2.1650989e-03,9.3529016e-01,4.8886921e-02,1.3608780e-02,4.9113558e-05]
10;2;3;[1.4374271e-03,3.4908903e-01,1.7588559e-01,4.7354984e-01,3.8075330e-05]
11;1;1;[1.3101909e-03,9.1978627e-01,6.0829144e-02,1.8028211e-02,4.6161887e-05]
12;1;3;[1.5887964e-03,4.1481885e-01,1.6662879e-01,4.1693160e-01,3.1911539e-05]
13;3;1;[1.3153830e-03,5.3114921e-01,6.8108499e-02,3.9938784e-01,3.9040711e-05]
14;0;0;[0.9384701 ,0.04003952,0.00450238,0.01485757,0.00213041]
2;3;1;[0.00546533,0.6095135 ,0.15715574,0.22551724,0.00234817]
3;0;0;[9.4631803e-01,1.7896547e-03,4.1843913e-04,8.6353708e-04,5.0610334e-02]
2;0;0;[0.73684347,0.21036084,0.03176443,0.01604609,0.00498506]
2;0;0;[0.92233455,0.05227378,0.00780913,0.01146248,0.00612   ]
2;0;0;[0.9383665 ,0.03951192,0.00504022,0.01107111,0.00601027]
2;3;1;[4.1601516e-04,9.3430489e-01,1.2526775e-02,5.2549686e-02,2.0261921e-04]
3;0;0;[0.60955006,0.36454067,0.00308633,0.00291791,0.01990508]
2;2;1;[0.00626139,0.53020066,0.12104844,0.33986965,0.00261991]
3;1;1;[1.6811527e-03,9.1397339e-01,8.2026653e-02,2.0166005e-03,3.0209264e-04]
4;1;1;[1.33509887e-03,6.84993923e-01,2.04661086e-01,1.08899809e-01,1.10077024e-04]
5;2;1;[1.2890836e-03,5.5290437e-01,3.0763671e-01,1.3796093e-01,2.0888560e-04]
6;1;1;[1.0664104e-03,8.9965701e-01,9.7894132e-02,1.2002767e-03,1.8220041e-04]
7;3;1;[1.4432761e-03,5.2250516e-01,2.5737369e-01,2.1857603e-01,1.0186228e-04]
8;0;0;[0.7077022 ,0.2771367 ,0.00779417,0.00586894,0.00149797]
2;1;1;[6.3017185e-04,9.6738940e-01,3.0461740e-02,1.4889740e-03,2.9783585e-05]
3;3;3;[2.7201518e-03,3.1140441e-01,1.5389502e-01,5.3189790e-01,8.2523955e-05]
4;0;0;[0.90864885,0.06685334,0.00282594,0.01887843,0.00279345]
2;0;0;[0.96402764,0.01857171,0.00161999,0.0107925 ,0.00498818]
2;0;0;[0.9192507 ,0.0547544 ,0.00829601,0.0115859 ,0.00611301]
2;1;1;[8.3196850e-04,9.3388408e-01,6.3772842e-02,1.4762197e-03,3.4973255e-05]
3;1;1;[2.7297847e-03,4.9082738e-01,1.9693060e-01,3.0941710e-01,9.5169780e-05]
4;2;1;[1.7532341e-03,6.1515701e-01,1.4057037e-01,2.4239922e-01,1.2009218e-04]
5;1;1;[1.2111772e-03,8.3814424e-01,1.5718506e-01,3.3765489e-03,8.2979008e-05]
6;2;1;[1.1435848e-03,5.1275069e-01,3.5712063e-01,1.2895869e-01,2.6434293e-05]
7;1;1;[2.0065662e-03,8.6085618e-01,1.2904769e-01,8.0638677e-03,2.5632256e-05]
8;2;3;[1.3872160e-03,3.1394416e-01,3.2491058e-01,3.5972762e-01,3.0341742e-05]
9;1;1;[1.6873628e-03,8.5795122e-01,1.2598646e-01,1.4339437e-02,3.5522527e-05]
10;1;3;[1.3055459e-03,3.1783813e-01,3.0503500e-01,3.7579918e-01,2.2140348e-05]
11;2;3;[1.2752273e-03,3.8962284e-01,2.1523799e-01,3.9383522e-01,2.8742183e-05]
12;1;1;[2.8109646e-03,8.3016360e-01,1.4523990e-01,2.1731557e-02,5.3987635e-05]
13;1;2;[1.3775497e-03,3.3365476e-01,3.7552938e-01,2.8941834e-01,2.0006160e-05]
14;2;2;[9.2853972e-04,1.1301756e-01,4.6593279e-01,4.2010564e-01,1.5555141e-05]
15;1;1;[3.1429040e-03,7.6422375e-01,2.1659215e-01,1.6002420e-02,3.8686885e-05]
16;1;2;[1.2668828e-03,2.6817977e-01,4.0048820e-01,3.3005017e-01,1.4943527e-05]
17;1;2;[7.9196529e-04,1.9208334e-01,4.8538569e-01,3.2172802e-01,1.0939954e-05]
18;3;3;[5.7183625e-04,1.3861333e-01,3.7393656e-01,4.8685923e-01,1.9065641e-05]
19;0;0;[9.8603350e-01,9.0652760e-03,1.8769398e-03,2.3483483e-03,6.7595998e-04]
2;1;1;[0.00533345,0.637631  ,0.12673104,0.22786674,0.00243784]
3;3;1;[0.00307155,0.5539315 ,0.06708333,0.37464014,0.00127355]
4;1;0;[9.5664775e-01,2.4474594e-03,8.1949329e-05,3.9352337e-04,4.0429346e-02]
5;3;2;[0.04618405,0.32755497,0.43079323,0.1930914 ,0.00237636]
6;0;0;[9.8050278e-01,5.7720491e-03,1.1771621e-04,2.1754480e-03,1.1432030e-02]
2;1;1;[6.1865593e-04,9.7150528e-01,2.6204599e-02,1.6412766e-03,3.0183377e-05]
3;3;1;[2.2647923e-03,6.5156639e-01,1.4116737e-01,2.0492871e-01,7.2763352e-05]
4;0;0;[0.54571897,0.42840832,0.01109594,0.01251572,0.00226112]
2;1;1;[6.2288687e-04,9.7009867e-01,2.7666211e-02,1.5822158e-03,3.0015588e-05]
3;1;1;[2.6331786e-03,5.6926149e-01,1.6250014e-01,2.6552841e-01,7.6764853e-05]
4;1;1;[1.4437098e-03,6.0161442e-01,1.4059019e-01,2.5626963e-01,8.2019775e-05]
5;1;1;[8.6261483e-04,6.3663805e-01,1.7347850e-01,1.8894397e-01,7.6851509e-05]
6;3;1;[9.4900822e-04,4.5979160e-01,1.5566304e-01,3.8346127e-01,1.3513638e-04]
7;0;0;[9.8725975e-01,3.4831469e-03,5.3781161e-05,1.3002660e-03,7.9030925e-03]
2;0;0;[0.9580432 ,0.02343178,0.00233259,0.01088856,0.00530397]
2;0;0;[0.9535578 ,0.02708687,0.00292033,0.0109324 ,0.00550256]
2;1;1;[0.00546444,0.6097676 ,0.15703873,0.22538003,0.00234914]
3;1;1;[0.00299028,0.5738872 ,0.09875883,0.32309222,0.00127141]
4;3;1;[0.00229105,0.5979694 ,0.09934807,0.29788843,0.00250308]
5;0;0;[8.9564937e-01,1.2889879e-03,6.0206676e-05,1.3041878e-04,1.0287107e-01]
2;0;0;[0.75228983,0.19772328,0.03051244,0.01523736,0.00423715]
2;0;0;[0.8716069 ,0.10209946,0.01426071,0.00817232,0.00386067]
2;0;0;[0.9225007 ,0.05214071,0.00778268,0.01145548,0.00612045]
2;0;0;[0.8827297 ,0.09317674,0.01272255,0.00751255,0.00385834]
2;3;1;[0.00559202,0.59553707,0.1575614 ,0.23893586,0.00237364]
3;0;0;[9.0536308e-01,6.7288051e-03,1.5034928e-03,7.1459677e-04,8.5690014e-02]
2;0;0;[0.7364964 ,0.2105415 ,0.0324648 ,0.01617798,0.00431929]
2;0;0;[0.96052164,0.02141305,0.00202424,0.0108591 ,0.00518209]
2;0;0;[0.96047634,0.02144986,0.00202972,0.01085973,0.00518439]
2;0;0;[0.96047544,0.0214505 ,0.00202981,0.01085975,0.00518443]
2;1;1;[0.00536573,0.6323326 ,0.13726564,0.22264126,0.00239476]
3;2;1;[0.00382946,0.67407227,0.19291852,0.12809251,0.00108729]
4;1;1;[5.6469179e-04,9.2687297e-01,7.1504243e-02,9.6980081e-04,8.8244997e-05]
5;3;1;[1.07898132e-03,7.09109247e-01,2.12347806e-01,7.73472264e-02,1.16728064e-04]
6;0;1;[0.26657704,0.69549334,0.03179513,0.0048228 ,0.00131171]
2;1;1;[1.7662627e-03,8.5559303e-01,1.3996437e-01,2.6188232e-03,5.7530826e-05]
3;3;1;[9.6881308e-04,7.5343966e-01,1.8933609e-01,5.6192841e-02,6.2577645e-05]
4;0;0;[0.723429  ,0.25139278,0.01583028,0.00360197,0.00574599]
2;1;1;[1.7657117e-03,8.5557008e-01,1.3998884e-01,2.6178604e-03,5.7517325e-05]
3;2;1;[5.9743691e-04,7.8771597e-01,1.9184558e-01,1.9814864e-02,2.6119173e-05]
4;1;1;[3.1856826e-04,9.7611153e-01,2.1689102e-02,1.8563811e-03,2.4301087e-05]
5;3;1;[1.1850818e-03,4.4856682e-01,1.7044607e-01,3.7975892e-01,4.3112006e-05]
6;0;0;[0.57213855,0.38138574,0.00811432,0.03740498,0.00095636]
2;1;1;[1.7649565e-03,8.5553825e-01,1.4002270e-01,2.6165401e-03,5.7498943e-05]
3;3;1;[9.5757010e-04,7.5492585e-01,1.8947610e-01,5.4578874e-02,6.1512561e-05]
4;0;0;[0.95650256,0.03124112,0.00237625,0.00494751,0.00493259]
2;3;1;[0.00572674,0.48869574,0.065809  ,0.43746984,0.00229871]
3;0;0;[9.4151092e-01,4.2315135e-03,5.4218300e-04,3.9609967e-04,5.3319238e-02]
2;0;0;[0.9035537 ,0.06741855,0.01085327,0.01210019,0.00607433]
2;1;1;[1.7609547e-03,8.5537040e-01,1.4020169e-01,2.6095433e-03,5.7401001e-05]
3;3;1;[9.5547904e-04,7.5537097e-01,1.8943186e-01,5.4180440e-02,6.1222920e-05]
4;0;0;[0.95642537,0.03133591,0.0023785 ,0.00496126,0.00489892]
2;3;1;[0.00554874,0.5991151 ,0.15797712,0.23499936,0.00235973]
3;0;0;[9.5202214e-01,9.1075315e-04,1.6090985e-04,8.2816707e-04,4.6078015e-02]
2;2;1;[5.9856888e-04,9.1299677e-01,3.9874271e-02,4.6370156e-02,1.6023255e-04]
3;1;1;[3.4325238e-04,9.2816716e-01,7.0641525e-02,8.0198224e-04,4.5989731e-05]
4;1;1;[9.5182227e-04,7.0870030e-01,1.4389741e-01,1.4635761e-01,9.2936294e-05]
5;2;1;[9.2686288e-04,6.2863070e-01,1.6629037e-01,2.0406635e-01,8.5710992e-05]
6;1;1;[9.1003987e-04,8.8675654e-01,1.0745153e-01,4.8079994e-03,7.3915115e-05]
7;2;1;[1.0432182e-03,5.6823695e-01,1.9975665e-01,2.3089848e-01,6.4724161e-05]
8;1;1;[5.9370778e-04,9.0739805e-01,8.5035205e-02,6.9276961e-03,4.5347035e-05]
9;2;1;[9.5065252e-04,5.4088247e-01,2.3274986e-01,2.2536872e-01,4.8225033e-05]
10;1;1;[5.1597605e-04,9.3904728e-01,5.3421848e-02,6.9808820e-03,3.4084653e-05]
11;3;3;[7.4631721e-04,4.0314290e-01,1.2856333e-01,4.6749777e-01,4.9726252e-05]
12;0;0;[0.4748591 ,0.46869648,0.00700521,0.04708312,0.00235609]
2;3;1;[5.7740923e-04,9.1613144e-01,3.6468204e-02,4.6662271e-02,1.6068258e-04]
3;0;1;[0.47699052,0.49653473,0.008185  ,0.0023383 ,0.01595141]
2;3;3;[0.00462507,0.41105422,0.01603929,0.5668145 ,0.00146698]
3;0;0;[9.6096849e-01,1.4135285e-03,4.0298066e-05,2.0213258e-04,3.7375584e-02]
2;1;1;[6.7903713e-04,9.5552874e-01,4.2401139e-02,1.3609539e-03,3.0171885e-05]
3;3;1;[2.2635348e-03,6.6264814e-01,1.7500246e-01,1.6001403e-01,7.1806120e-05]
4;0;0;[0.76240987,0.22222663,0.00399754,0.00606022,0.00530578]
2;3;1;[0.00532968,0.48102537,0.05165447,0.45996708,0.00202344]
3;0;0;[8.3353072e-01,1.5925370e-03,1.4981617e-04,3.8135838e-04,1.6434558e-01]
2;2;1;[7.1700918e-04,9.5077801e-01,4.7082923e-02,1.3904996e-03,3.1475804e-05]
3;1;1;[1.5903966e-03,8.9636171e-01,9.8618425e-02,3.3705563e-03,5.8863036e-05]
4;2;1;[3.0244282e-03,5.9022391e-01,2.4014895e-01,1.6652694e-01,7.5782918e-05]
5;1;1;[2.2866358e-03,8.6674941e-01,1.2638558e-01,4.5108832e-03,6.7471483e-05]
6;1;1;[1.7975023e-03,4.1818738e-01,3.2421345e-01,2.5575444e-01,4.7256050e-05]
7;2;3;[2.4477844e-03,1.1821320e-01,3.1716463e-01,5.6213450e-01,3.9891231e-05]
8;1;1;[6.4520035e-03,7.1815282e-01,2.6138902e-01,1.3867750e-02,1.3833334e-04]
9;2;3;[1.9627523e-03,2.5384331e-01,3.1824246e-01,4.2590454e-01,4.6957430e-05]
10;1;1;[3.3868677e-03,8.4332305e-01,1.3268483e-01,2.0555776e-02,4.9480797e-05]
11;2;3;[2.1437271e-03,1.7477398e-01,2.1711272e-01,6.0593951e-01,3.0019986e-05]
12;1;1;[5.0222315e-03,7.2866023e-01,2.1678013e-01,4.9467821e-02,6.9590656e-05]
13;1;3;[1.7351566e-03,1.6731225e-01,2.0482363e-01,6.2609708e-01,3.1974123e-05]
14;1;3;[1.2801690e-03,2.5761655e-01,1.3734783e-01,6.0371655e-01,3.8830014e-05]
15;2;3;[7.6054863e-04,1.3383590e-01,2.5069204e-01,6.1467826e-01,3.3336455e-05]
16;1;1;[3.9252453e-03,7.6298589e-01,1.9465618e-01,3.8358644e-02,7.4021962e-05]
17;3;3;[1.4379773e-03,1.4709307e-01,1.7040946e-01,6.8102354e-01,3.5951438e-05]
18;0;0;[0.87827605,0.07285866,0.00347366,0.04396937,0.00142227]
2;1;3;[0.00473925,0.42102897,0.01984987,0.5528528 ,0.00152912]
3;3;1;[0.00303471,0.5723847 ,0.0573363 ,0.36457783,0.00266643]
4;0;0;[8.4056330e-01,5.8634870e-04,6.0125527e-05,2.5910733e-04,1.5853111e-01]
2;1;1;[1.6965944e-03,8.5254544e-01,1.4320366e-01,2.4984491e-03,5.5832163e-05]
3;3;1;[1.8147996e-03,6.2951052e-01,1.5647994e-01,2.1206503e-01,1.2975484e-04]
4;0;0;[0.9284097 ,0.06015242,0.00240011,0.00333669,0.00570095]
2;1;1;[1.6959423e-03,8.5251564e-01,1.4323527e-01,2.4973424e-03,5.5816367e-05]
3;3;1;[2.4827840e-03,4.7572017e-01,1.0284972e-01,4.1878670e-01,1.6059115e-04]
4;0;0;[0.96564907,0.02536338,0.0010287 ,0.00315533,0.00480353]
2;0;0;[0.9422688 ,0.03629995,0.00449804,0.0110352 ,0.00589802]
2;0;0;[0.95990103,0.02191813,0.00209991,0.01086741,0.00521345]
2;3;1;[6.1225134e-04,9.1084880e-01,4.2191874e-02,4.6187267e-02,1.5974067e-04]
3;0;1;[0.4496577 ,0.5227406 ,0.00921737,0.00208853,0.01629578]
2;1;1;[7.1894017e-04,9.5052463e-01,4.7332928e-02,1.3919936e-03,3.1539879e-05]
3;2;1;[1.2024561e-03,8.4436309e-01,1.0309684e-01,5.1288966e-02,4.8631435e-05]
4;1;1;[4.7687144e-04,9.4891810e-01,4.8994023e-02,1.5838002e-03,2.7118542e-05]
5;1;1;[1.7982982e-03,6.7635107e-01,1.7889379e-01,1.4291960e-01,3.7276135e-05]
6;3;3;[1.5595992e-03,2.8283012e-01,2.4656163e-01,4.6902439e-01,2.4270110e-05]
7;0;0;[9.8706067e-01,7.5639389e-03,3.7092954e-04,2.0167697e-03,2.9876856e-03]
2;2;1;[0.00557642,0.5966751 ,0.15778053,0.2375995 ,0.00236846]
3;1;1;[9.4063370e-04,9.0883350e-01,8.9157537e-02,9.3237276e-04,1.3598338e-04]
4;1;1;[1.5673586e-03,7.1530199e-01,1.8676674e-01,9.6224293e-02,1.3964399e-04]
5;3;1;[1.7476635e-03,4.5513377e-01,2.6213455e-01,2.8073463e-01,2.4946310e-04]
6;0;0;[9.8897105e-01,5.8844574e-03,5.6052906e-04,4.1159717e-04,4.1722376e-03]
2;1;1;[7.1963278e-04,9.5043331e-01,4.7422878e-02,1.3925290e-03,3.1562846e-05]
3;1;1;[2.7634620e-03,5.0871491e-01,2.0873044e-01,2.7970517e-01,8.5983491e-05]
4;1;1;[1.7707160e-03,7.2577727e-01,7.5192414e-02,1.9716451e-01,9.5111369e-05]
5;1;1;[1.1143821e-03,6.2245291e-01,2.1372896e-01,1.6264039e-01,6.3401443e-05]
6;3;1;[1.1477105e-03,4.7127271e-01,2.2375672e-01,3.0372134e-01,1.0145761e-04]
7;0;0;[0.97088325,0.02283166,0.00111765,0.00236243,0.00280497]
2;0;0;[0.75696135,0.1944482 ,0.02763365,0.01538578,0.00557109]
2;1;1;[6.7646999e-04,9.5584267e-01,4.2091746e-02,1.3590329e-03,3.0081395e-05]
3;1;3;[2.9172911e-03,3.1798312e-01,1.4771175e-01,5.3130305e-01,8.4760315e-05]
4;1;3;[2.0537544e-03,1.9580269e-01,1.7949389e-01,6.2255973e-01,8.9884183e-05]
5;3;3;[1.1121555e-03,3.5219699e-01,1.0670035e-01,5.3977901e-01,2.1152092e-04]
6;0;0;[9.9040496e-01,3.6263487e-03,5.6837780e-05,1.9826210e-04,5.7135220e-03]
2;2;1;[7.2840432e-04,9.4927132e-01,4.8569173e-02,1.3992634e-03,3.1853055e-05]
3;1;1;[1.6812783e-03,8.8310468e-01,1.1167625e-01,3.4748323e-03,6.2974352e-05]
4;2;1;[3.2758415e-03,5.9672844e-01,1.5470634e-01,2.4518998e-01,9.9346238e-05]
5;1;1;[1.5223129e-03,8.3095658e-01,1.6308644e-01,4.3666540e-03,6.8081972e-05]
6;3;3;[1.9766055e-03,2.4401519e-01,3.1661919e-01,4.3732715e-01,6.1833656e-05]
7;0;0;[0.89844555,0.08571539,0.00498551,0.00965933,0.00119419]
2;0;0;[0.89692885,0.0814734 ,0.01079447,0.00686264,0.00394064]
2;0;0;[0.7333926 ,0.2130714 ,0.03248887,0.01619312,0.00485402]
2;0;0;[0.96342224,0.01906089,0.00168705,0.01080609,0.00502376]
2;3;3;[0.00479624,0.4260203 ,0.0221656 ,0.5454561 ,0.00156175]
3;0;0;[8.3417737e-01,1.1625092e-03,1.0558734e-04,2.9601326e-04,1.6425848e-01]
2;0;0;[0.93844736,0.03944539,0.00502883,0.01107043,0.00600803]
2;0;0;[0.9599787 ,0.02185489,0.00209038,0.01086641,0.00520955]
2;0;0;[0.9615773 ,0.02055384,0.00189798,0.01084346,0.00512741]
2;3;3;[0.00457149,0.4068921 ,0.01470276,0.57239014,0.00144352]
3;0;0;[9.6155316e-01,1.3150130e-03,3.1751839e-05,1.8244478e-04,3.6917612e-02]
2;3;1;[0.00621   ,0.5224899 ,0.1093613 ,0.35933244,0.00260634]
3;0;0;[8.8176233e-01,5.3512603e-03,1.5111928e-03,6.4247771e-04,1.1073275e-01]
2;0;0;[0.94585073,0.03335129,0.00401449,0.01099818,0.00578532]
2;0;0;[0.95863646,0.02294755,0.00225732,0.01088307,0.00527559]
2;3;1;[0.00520311,0.4770987 ,0.04749711,0.46826214,0.00193893]
3;0;0;[9.4925368e-01,2.9354936e-03,2.3103550e-04,3.2613607e-04,4.7253616e-02]
2;0;0;[0.95797217,0.0234898 ,0.00234166,0.01088917,0.00530733]
2;0;0;[0.95615524,0.02497129,0.00257463,0.01090821,0.00539062]
2;2;1;[0.00534183,0.636985  ,0.12872396,0.22652082,0.0024283 ]
3;2;1;[1.3244706e-03,9.2325681e-01,7.3525257e-02,1.7053663e-03,1.8811636e-04]
4;1;1;[0.00353695,0.91961455,0.07303374,0.00289201,0.00092268]
5;2;1;[1.9874526e-03,6.8778169e-01,1.8965459e-01,1.2042380e-01,1.5250141e-04]
6;1;1;[3.6897112e-03,9.0876591e-01,8.3019949e-02,4.4074045e-03,1.1697329e-04]
7;2;3;[3.2231500e-03,3.9242664e-01,1.6045456e-01,4.4374692e-01,1.4871606e-04]
8;1;1;[4.2364793e-03,7.7438372e-01,2.0491515e-01,1.6233245e-02,2.3135278e-04]
9;1;1;[2.47246982e-03,4.16174471e-01,2.06943452e-01,3.74287575e-01,1.22028825e-04]
10;1;3;[2.0771096e-03,3.3107832e-01,2.8883067e-01,3.7790507e-01,1.0880597e-04]
11;1;3;[1.6845166e-03,1.6367669e-01,9.2063010e-02,7.4233514e-01,2.4071593e-04]
12;3;3;[1.7433470e-03,2.8225896e-01,1.5581691e-01,5.5984622e-01,3.3458153e-04]
13;0;0;[9.8695976e-01,2.0936623e-03,7.3033414e-04,1.2941612e-03,8.9221708e-03]
2;3;1;[0.00625965,0.53650755,0.12976256,0.32484788,0.00262241]
3;0;0;[8.8830984e-01,7.2840005e-03,2.4948202e-03,7.9244125e-04,1.0111888e-01]
2;1;1;[6.2017667e-04,9.7100359e-01,2.6726568e-02,1.6194655e-03,3.0119727e-05]
3;1;1;[1.1349405e-03,8.4670603e-01,8.5565649e-02,6.6540837e-02,5.2573767e-05]
4;2;1;[5.5659196e-04,8.5001647e-01,9.4459131e-02,5.4938998e-02,2.8742785e-05]
5;1;1;[1.3235814e-03,9.5575333e-01,3.7758306e-02,5.0945710e-03,7.0206908e-05]
6;3;1;[1.4430782e-03,5.2253747e-01,1.9238883e-01,2.8356478e-01,6.5861677e-05]
7;0;0;[0.8300292 ,0.15174757,0.00243399,0.00890136,0.00688784]
2;0;0;[0.93392086,0.04311292,0.00576426,0.01113398,0.00606805]
2;0;0;[0.9566949 ,0.02453138,0.00250474,0.01090262,0.00536635]
2;0;0;[0.9583512 ,0.02318025,0.00229339,0.01088584,0.00528929]
2;0;0;[0.93843234,0.03945774,0.00503095,0.01107056,0.00600845]
2;1;1;[6.3195452e-04,9.6652681e-01,3.1348255e-02,1.4632491e-03,2.9698764e-05]
3;3;3;[2.7164931e-03,3.0139095e-01,1.4914228e-01,5.4666865e-01,8.1650775e-05]
4;0;0;[0.9069505 ,0.07017215,0.0030134 ,0.01722865,0.00263536]
2;1;1;[9.3019940e-04,9.1434997e-01,8.3142102e-02,1.5396699e-03,3.8054102e-05]
3;2;1;[2.5802068e-03,5.1846737e-01,1.9199707e-01,2.8685805e-01,9.7287470e-05]
4;1;1;[7.6367741e-04,9.0042901e-01,9.5791534e-02,2.9708815e-03,4.4910696e-05]
5;1;1;[2.2901637e-03,4.6360648e-01,2.4852304e-01,2.8554019e-01,4.0090428e-05]
6;3;1;[2.1509961e-03,6.3349360e-01,8.1556618e-02,2.8274795e-01,5.0819108e-05]
7;0;0;[9.9444628e-01,1.6830099e-03,4.4137353e-04,2.3370034e-03,1.0922683e-03]
2;0;0;[0.91726196,0.05635878,0.00861472,0.01165745,0.00610725]
2;0;0;[0.8621223 ,0.10971095,0.01557363,0.00872802,0.00386501]
2;1;1;[0.00624666,0.52797294,0.11728246,0.34588137,0.00261659]
3;1;1;[0.00291679,0.6659031 ,0.18965729,0.14018875,0.00133409]
4;3;1;[0.00338975,0.4884933 ,0.0201804 ,0.4854738 ,0.00246283]
5;0;0;[9.0852129e-01,2.7588203e-03,1.4538627e-05,2.7350269e-04,8.8431738e-02]
2;0;0;[0.9457209 ,0.0334582 ,0.00403178,0.01099962,0.00578957]
2;0;0;[0.83543986,0.12432546,0.02038802,0.01383569,0.00601101]
2;0;0;[0.9256219 ,0.04964564,0.00725996,0.01135375,0.00611871]
2;0;0;[0.96154326,0.02058153,0.001902  ,0.01084398,0.00512921]
2;0;0;[0.84587616,0.11508994,0.01937841,0.0136058 ,0.0060498 ]
2;1;1;[8.2243315e-04,9.3554008e-01,6.2133383e-02,1.4695053e-03,3.4684406e-05]
3;1;1;[7.8328029e-04,8.8884902e-01,8.3908468e-02,2.6425062e-02,3.4269193e-05]
4;2;1;[4.4345568e-04,8.6204791e-01,1.0900656e-01,2.8480398e-02,2.1648939e-05]
5;1;1;[1.1191174e-03,9.4283599e-01,5.2145161e-02,3.8358057e-03,6.3959094e-05]
6;3;1;[9.1129658e-04,7.0011348e-01,2.0933390e-01,8.9599997e-02,4.1304054e-05]
7;0;0;[0.8996242 ,0.08037425,0.00628202,0.01236338,0.0013562 ]
2;1;3;[0.00501659,0.46563652,0.04034064,0.48720914,0.00179707]
3;1;1;[0.00324736,0.6412092 ,0.06521023,0.2882484 ,0.00208474]
4;2;1;[0.00262964,0.61866766,0.1077318 ,0.26965386,0.00131706]
5;1;1;[3.3631863e-04,9.6945256e-01,2.7997795e-02,1.9846463e-03,2.2876459e-04]
6;1;1;[5.4814474e-04,6.5143919e-01,2.1765088e-01,1.3030095e-01,6.0864582e-05]
7;3;1;[6.4099731e-04,5.6241524e-01,2.7991015e-01,1.5694188e-01,9.1766269e-05]
8;0;0;[0.7206189 ,0.21484672,0.03630963,0.01628448,0.01194018]
2;3;1;[5.3075771e-04,9.2144656e-01,3.0148091e-02,4.7708441e-02,1.6609114e-04]
3;0;0;[0.5766924 ,0.39884958,0.00543808,0.00200271,0.01701723]
2;1;1;[6.2562304e-04,9.7829300e-01,1.7873321e-02,3.1595931e-03,4.8435384e-05]
3;1;3;[1.1405380e-03,3.0875984e-01,8.2523994e-02,6.0747623e-01,9.9410390e-05]
4;3;3;[1.0735943e-03,3.0592963e-01,4.1924398e-02,6.5092957e-01,1.4283766e-04]
5;0;0;[0.93198407,0.04435051,0.00517598,0.00622091,0.01226855]
2;0;0;[0.7622789 ,0.18961391,0.02927768,0.01462402,0.00420541]
2;0;0;[0.8499895 ,0.11146964,0.01896707,0.01351102,0.00606275]
2;1;1;[7.3896511e-04,9.4785243e-01,4.9969073e-02,1.4072750e-03,3.2201020e-05]
3;1;1;[1.0063034e-03,8.6784726e-01,9.1663107e-02,3.9439116e-02,4.4227163e-05]
4;2;1;[4.95832763e-04,8.49624872e-01,1.11961916e-01,3.78893092e-02,2.80066997e-05]
5;1;1;[6.4626127e-04,9.3196410e-01,6.5802388e-02,1.5491969e-03,3.7973681e-05]
6;2;1;[1.9261959e-03,5.3208911e-01,1.7478800e-01,2.9110843e-01,8.8219378e-05]
7;1;1;[9.3943748e-04,8.7376934e-01,1.1954086e-01,5.6897658e-03,6.0557828e-05]
8;2;1;[1.8097583e-03,4.1392884e-01,2.1026152e-01,3.7394559e-01,5.4307991e-05]
9;1;1;[9.2676963e-04,9.3064988e-01,6.2787957e-02,5.6137005e-03,2.1628259e-05]
10;3;3;[1.6202093e-03,3.5038015e-01,1.5243371e-01,4.9552336e-01,4.2584583e-05]
11;0;0;[8.7367600e-01,1.1402726e-01,1.4538571e-03,1.0020351e-02,8.2246948e-04]
2;0;0;[0.7577774 ,0.19371113,0.02756157,0.01537278,0.00557713]
2;0;0;[0.88882786,0.08817974,0.01187225,0.007229  ,0.0038912 ]
2;1;1;[6.3380250e-04,9.6559930e-01,3.2300591e-02,1.4368169e-03,2.9609546e-05]
3;3;1;[1.0607018e-03,8.6324346e-01,8.5173883e-02,5.0474614e-02,4.7344482e-05]
4;0;0;[0.8104799 ,0.17042145,0.00410194,0.01357436,0.00142232]
2;0;0;[0.7375575 ,0.20966934,0.03234473,0.01612308,0.00430539]
2;3;3;[0.00469377,0.41690838,0.01816642,0.55872834,0.00150311]
3;0;0;[9.5200300e-01,1.4826688e-03,6.8991380e-05,2.4513746e-04,4.6200164e-02]
2;0;0;[0.8904314 ,0.08685245,0.01165762,0.00715755,0.00390091]
2;1;1;[7.0140511e-04,9.5276189e-01,4.5127630e-02,1.3780437e-03,3.0950800e-05]
3;3;1;[1.0348676e-03,8.6711019e-01,9.0834737e-02,4.0976059e-02,4.4076216e-05]
4;0;1;[0.32949853,0.6433903 ,0.01995829,0.00602926,0.00112355]
2;1;0;[0.7287827 ,0.21688567,0.03333619,0.01657567,0.00441984]
3;3;3;[0.01014968,0.2632247 ,0.17027408,0.55560684,0.00074482]
4;0;0;[9.8984724e-01,1.9995472e-03,4.7171176e-05,3.1265281e-03,4.9795764e-03]
2;0;0;[0.95661896,0.02459326,0.00251453,0.01090342,0.00536978]
2;0;0;[0.9225084 ,0.05213451,0.00778145,0.01145515,0.00612047]
2;1;1;[7.0140511e-04,9.5276189e-01,4.5127630e-02,1.3780437e-03,3.0950800e-05]
3;3;1;[2.0766102e-03,6.9535983e-01,1.6614930e-01,1.3634470e-01,6.9521513e-05]
4;0;0;[0.8811861 ,0.10430646,0.002974  ,0.00937883,0.00215456]
2;3;1;[8.9817523e-04,8.3117205e-01,1.1983553e-01,4.7887698e-02,2.0658365e-04]
3;0;0;[0.6494124 ,0.3101061 ,0.02259572,0.00984572,0.00804014]
2;1;0;[0.9573486 ,0.02399834,0.002421  ,0.01089558,0.00533644]
3;2;3;[0.01578752,0.26765317,0.16707611,0.547411  ,0.00207212]
4;1;1;[5.46101201e-03,6.02354050e-01,3.76884311e-01,1.50463255e-02,2.54252896e-04]
5;3;3;[3.5481178e-03,2.2882296e-01,1.7256218e-01,5.9500432e-01,6.2434454e-05]
6;0;0;[0.9163771 ,0.06042886,0.00411311,0.01753727,0.00154361]
2;1;1;[6.2978285e-04,9.6757352e-01,3.0272342e-02,1.4946206e-03,2.9801897e-05]
3;1;1;[7.8133144e-04,8.8652885e-01,7.5001672e-02,3.7648343e-02,3.9815270e-05]
4;3;1;[1.1577692e-03,5.1931775e-01,2.7966276e-01,1.9981812e-01,4.3556705e-05]
5;0;0;[9.6771628e-01,1.5621364e-02,3.2393151e-04,1.7232809e-03,1.4615180e-02]
2;1;1;[6.6946010e-04,9.5669395e-01,4.1253027e-02,1.3537550e-03,2.9833851e-05]
3;3;1;[2.3101615e-03,6.5407282e-01,1.7658412e-01,1.6696097e-01,7.1999071e-05]
4;0;0;[0.63062215,0.34569612,0.01117838,0.01042754,0.00207582]
2;1;1;[6.6184142e-04,9.5827127e-01,3.9680563e-02,1.3567541e-03,2.9629427e-05]
3;3;1;[2.3379298e-03,6.5319341e-01,1.7468509e-01,1.6971205e-01,7.1522081e-05]
4;0;0;[0.6220122 ,0.35292643,0.01169366,0.01138151,0.00198627]
2;3;3;[0.00467647,0.41534278,0.01756991,0.5609175 ,0.00149334]
3;0;0;[9.4535112e-01,1.5517999e-03,2.6565200e-05,1.6388469e-04,5.2906618e-02]
2;0;0;[0.78190666,0.17369267,0.02685192,0.0134146 ,0.00413412]
2;0;0;[0.96131426,0.02076795,0.00192916,0.01084745,0.00514121]
2;0;0;[0.9035556 ,0.07598385,0.00992355,0.00655428,0.00398272]
2;3;3;[0.00493148,0.45607987,0.03612296,0.5011455 ,0.00172018]
3;0;0;[9.4406390e-01,2.3106174e-03,8.2378756e-05,2.2887789e-04,5.3314254e-02]
2;3;1;[7.3207146e-04,8.8824248e-01,6.6808589e-02,4.4056375e-02,1.6057660e-04]
3;0;0;[0.69930214,0.26671037,0.01339259,0.00825202,0.01234286]
2;0;0;[0.9326744 ,0.04409846,0.00598111,0.01116939,0.00607667]
2;0;0;[0.7865646 ,0.16991659,0.02627601,0.01312745,0.00411534]
2;3;1;[0.00547503,0.6057569 ,0.15840769,0.22802348,0.0023369 ]
3;0;0;[9.5408940e-01,8.9304900e-04,1.5955846e-04,8.5225975e-04,4.4005722e-02]
2;1;1;[7.5128506e-04,9.4617003e-01,5.1629562e-02,1.4164903e-03,3.2604996e-05]
3;1;1;[1.1324348e-03,8.5072547e-01,1.0114575e-01,4.6948768e-02,4.7703437e-05]
4;3;1;[1.7414409e-03,4.5775443e-01,2.6434079e-01,2.7610335e-01,5.9999918e-05]
5;0;0;[9.79993045e-01,8.19552224e-03,2.65955372e-04,8.80645472e-04,1.06647685e-02]
2;3;1;[0.00520722,0.47721112,0.04762229,0.46801785,0.00194143]
3;1;0;[9.4928551e-01,3.1429210e-03,2.0515047e-04,3.0876781e-04,4.7057748e-02]
4;3;1;[0.04248609,0.45750502,0.4100236 ,0.0863455 ,0.00363981]
5;1;0;[9.7181612e-01,1.0209251e-02,2.6175723e-04,1.5102056e-03,1.6202696e-02]
6;3;3;[0.2096825 ,0.14119673,0.24646346,0.39703992,0.00561745]
7;1;0;[0.9657258 ,0.01174975,0.00347919,0.00905105,0.00999427]
8;3;0;[0.43161505,0.08321001,0.0906747 ,0.3909003 ,0.00359993]
9;0;0;[0.97927696,0.00771639,0.00099458,0.00881462,0.00319739]
2;0;0;[0.7427712 ,0.20572327,0.03049923,0.01585347,0.00515283]
2;0;0;[0.93623006,0.04127179,0.00536844,0.01107927,0.00605048]
2;0;0;[0.95585495,0.02521608,0.00261382,0.01091123,0.00540398]
2;1;1;[6.3291268e-04,9.6605009e-01,3.1837869e-02,1.4495091e-03,2.9652625e-05]
3;3;1;[2.9167384e-03,4.1133410e-01,1.8430500e-01,4.0136188e-01,8.2322891e-05]
4;0;0;[0.8493644 ,0.12478907,0.00508804,0.01817502,0.00258342]
2;0;0;[0.8116405 ,0.14549066,0.02262491,0.01433861,0.00590532]
2;1;1;[0.00614505,0.50925565,0.09610294,0.38591197,0.00258438]
3;1;1;[0.0026188 ,0.5805382 ,0.22159593,0.19368248,0.00156458]
4;1;1;[0.00221718,0.67561495,0.15788867,0.16262189,0.00165733]
5;1;1;[0.00206437,0.6652086 ,0.08567402,0.24437945,0.00267359]
6;3;1;[0.00187003,0.64852077,0.14008947,0.20700459,0.0025152 ]
7;0;0;[9.5337558e-01,4.7527600e-04,3.0666393e-05,1.5710112e-04,4.5961313e-02]
2;0;0;[0.7320878 ,0.21412629,0.03274335,0.01627332,0.00476928]
2;0;0;[0.9583377 ,0.02319133,0.00229511,0.01088596,0.00528994]
2;0;0;[0.93080777,0.04557167,0.00631125,0.01122051,0.0060889 ]
2;0;0;[0.9480272 ,0.03157886,0.00370371,0.01097657,0.0057137 ]
2;0;0;[0.95807797,0.02340339,0.00232815,0.01088824,0.00530231]
2;0;0;[0.73272854,0.21360853,0.03261833,0.01623395,0.00481067]
2;0;0;[0.8645305 ,0.10777715,0.01524099,0.00859048,0.00386086]
2;1;1;[6.7979365e-04,9.5543593e-01,4.2492561e-02,1.3615186e-03,3.0198575e-05]
3;2;1;[1.3220800e-03,8.3180660e-01,1.0746614e-01,5.9354849e-02,5.0372237e-05]
4;2;1;[5.9813570e-04,9.2609763e-01,7.1464464e-02,1.8069552e-03,3.2835589e-05]
5;1;1;[2.1085585e-03,8.5653591e-01,1.3665822e-01,4.6260613e-03,7.1224174e-05]
6;2;1;[2.7674770e-03,5.1609063e-01,2.4657087e-01,2.3451641e-01,5.4594620e-05]
7;1;1;[1.2441421e-03,8.9591908e-01,9.8718271e-02,4.0711416e-03,4.7345166e-05]
8;2;3;[2.0345496e-03,2.4955201e-01,2.0352046e-01,5.4482698e-01,6.5986074e-05]
9;1;1;[1.7286896e-03,8.5857314e-01,1.3098629e-01,8.6748833e-03,3.7057787e-05]
10;1;3;[1.9000390e-03,3.0110982e-01,3.0931193e-01,3.8763568e-01,4.2546410e-05]
11;3;3;[1.1095355e-03,1.3643858e-01,4.3072805e-01,4.3170351e-01,2.0233014e-05]
12;0;0;[9.7285819e-01,1.6069107e-02,5.2974704e-03,5.0066225e-03,7.6871499e-04]
2;1;1;[1.00901304e-03,8.96089971e-01,1.01274945e-01,1.58617145e-03,3.99997843e-05]
3;3;3;[2.8927235e-03,3.9703193e-01,1.3000120e-01,4.6996215e-01,1.1190210e-04]
4;0;0;[9.6226126e-01,2.9740056e-02,9.0502389e-04,3.0586093e-03,4.0350030e-03]
2;3;1;[0.00576633,0.48924035,0.06746811,0.43519697,0.00232821]
3;0;0;[8.5523301e-01,2.3174207e-03,3.1444937e-04,4.2300575e-04,1.4171202e-01]
2;2;1;[0.00528997,0.6369906 ,0.11697812,0.23823585,0.00250551]
3;1;1;[6.0031272e-04,9.3902218e-01,5.8959953e-02,1.2732835e-03,1.4433223e-04]
4;2;1;[8.5847446e-04,6.9832540e-01,2.2463861e-01,7.6131023e-02,4.6519919e-05]
5;1;1;[4.3476137e-04,9.2673451e-01,6.9584735e-02,3.2272537e-03,1.8783132e-05]
6;1;1;[1.0286761e-03,4.6663365e-01,2.0828374e-01,3.2403037e-01,2.3557130e-05]
7;1;3;[7.2069920e-04,1.9312432e-01,2.1943617e-01,5.8669883e-01,2.0019910e-05]
8;3;3;[4.6826128e-04,3.5107294e-01,1.3326283e-01,5.1514643e-01,4.9571674e-05]
9;0;0;[9.7603410e-01,1.8852036e-02,4.6025484e-04,9.1305358e-04,3.7405768e-03]
2;3;1;[0.00534183,0.636985  ,0.12872396,0.22652082,0.0024283 ]
3;0;0;[9.6604520e-01,6.2022213e-04,9.9399964e-05,1.0093346e-03,3.2225788e-02]
2;0;0;[0.95776176,0.02366149,0.00236859,0.01089097,0.00531725]
2;3;3;[0.00486625,0.4404164 ,0.0284193 ,0.5246601 ,0.00163798]
3;0;0;[8.3128232e-01,1.3153680e-03,1.2619357e-04,3.0871981e-04,1.6696727e-01]
2;2;1;[0.00536581,0.6316982 ,0.13807793,0.22246604,0.00239202]
3;2;1;[7.5721485e-04,9.3180561e-01,6.6411331e-02,9.0092944e-04,1.2482071e-04]
4;1;1;[1.8676141e-03,9.2193925e-01,7.2034605e-02,3.7463289e-03,4.1222919e-04]
5;2;1;[2.0084437e-03,6.3860786e-01,2.0510019e-01,1.5414065e-01,1.4288367e-04]
6;1;1;[1.2365861e-03,8.5707998e-01,1.3897344e-01,2.6090883e-03,1.0080462e-04]
7;1;3;[1.9370504e-03,3.8090995e-01,2.2117983e-01,3.9584476e-01,1.2842981e-04]
8;1;1;[2.0633929e-03,4.5477712e-01,9.2593081e-02,4.5040038e-01,1.6597593e-04]
9;3;3;[1.2162630e-03,1.8861771e-01,1.2752876e-01,6.8244988e-01,1.8736139e-04]
10;0;0;[9.8794353e-01,3.8734348e-03,5.2438740e-04,1.6649716e-03,5.9936065e-03]
2;2;1;[5.4883875e-04,9.1921669e-01,3.2297537e-02,4.7772404e-02,1.6452340e-04]
3;1;1;[5.2594196e-04,9.2778605e-01,7.0454910e-02,1.1472617e-03,8.5973996e-05]
4;3;1;[6.7445880e-04,7.2905046e-01,1.3236740e-01,1.3781258e-01,9.5038144e-05]
5;0;0;[0.80806005,0.17481819,0.00433315,0.00343493,0.00935364]
2;1;1;[7.5217610e-04,9.4604719e-01,5.1750813e-02,1.4171508e-03,3.2634140e-05]
3;3;1;[2.4878460e-03,5.7122809e-01,2.0597844e-01,2.2022299e-01,8.2597369e-05]
4;0;0;[0.92501146,0.06149764,0.00173616,0.00880893,0.00294578]
2;0;0;[0.7635252 ,0.18852516,0.02705101,0.01527888,0.00561974]
2;0;0;[0.9567237 ,0.02450797,0.00250104,0.01090232,0.00536505]
2;0;0;[0.91793907,0.05581253,0.00850587,0.01163333,0.00610924]
2;0;0;[0.9539874 ,0.02673724,0.00286212,0.01092869,0.00548458]
2;0;0;[0.94801486,0.0315888 ,0.00370551,0.01097669,0.00571411]
2;0;0;[0.73366   ,0.2128736 ,0.03278558,0.01632452,0.00435637]
2;0;0;[0.9402319 ,0.03797652,0.00477902,0.01105477,0.00595773]
2;3;1;[8.6324889e-04,8.5281241e-01,1.0376414e-01,4.2396124e-02,1.6411945e-04]
3;0;1;[0.19550456,0.76942587,0.0241947 ,0.00195024,0.00892458]
2;1;1;[6.2769884e-04,9.6843064e-01,2.9390624e-02,1.5211625e-03,2.9872392e-05]
3;3;1;[2.1195882e-03,6.9937509e-01,1.4085972e-01,1.5757835e-01,6.7300847e-05]
4;0;0;[0.8447713 ,0.13472137,0.00360311,0.01485785,0.00204629]
2;0;0;[0.7291333 ,0.21650712,0.03332116,0.0164543 ,0.00458403]
2;3;1;[0.00531494,0.63767517,0.12217546,0.23236874,0.00246569]
3;0;0;[9.6299082e-01,8.3297584e-04,1.4616916e-04,1.0614756e-03,3.4968589e-02]
2;0;0;[0.9455704 ,0.03358197,0.0040518 ,0.0110013 ,0.00579447]
2;0;0;[0.81420577,0.14320458,0.02238717,0.01428459,0.00591786]
2;3;1;[0.00617437,0.54771906,0.13693629,0.3065741 ,0.00259613]
3;0;0;[9.2032576e-01,1.7578907e-03,3.5541522e-04,6.5824256e-04,7.6902762e-02]
2;1;1;[7.3137775e-04,9.4887412e-01,4.8961036e-02,1.4015300e-03,3.1951182e-05]
3;1;1;[7.9378986e-04,8.9277399e-01,7.8651272e-02,2.7746297e-02,3.4557641e-05]
4;1;1;[4.9174752e-04,8.3015096e-01,1.3290158e-01,3.6429726e-02,2.5995214e-05]
5;1;1;[5.8882381e-04,7.0428348e-01,2.2894356e-01,6.6139989e-02,4.4133834e-05]
6;3;1;[1.0086871e-03,5.5636644e-01,6.8212613e-02,3.7423363e-01,1.7865992e-04]
7;0;0;[9.8785442e-01,8.2259281e-03,7.6149176e-05,3.7315450e-04,3.4703945e-03]
2;1;1;[0.00622374,0.54180646,0.13319124,0.31616607,0.00261244]
3;3;3;[0.00291126,0.4779914 ,0.03842836,0.478925  ,0.00174399]
4;0;0;[9.4542432e-01,1.0754570e-03,8.0009857e-05,1.7127144e-04,5.3248920e-02]
2;0;0;[0.94965756,0.03025682,0.00346729,0.0109613 ,0.00565701]
2;3;3;[0.00493602,0.45692357,0.03646854,0.49994683,0.00172503]
3;0;0;[8.2416397e-01,1.4252401e-03,1.3091284e-04,3.2640362e-04,1.7395343e-01]
2;0;0;[0.7987231 ,0.16039154,0.02446938,0.01233336,0.00408253]
2;2;1;[7.9330249e-04,8.7298453e-01,8.2841530e-02,4.3217525e-02,1.6303618e-04]
3;1;1;[6.78218494e-04,8.89628410e-01,1.08496994e-01,1.14231359e-03,5.40412912e-05]
4;1;1;[7.7759131e-04,6.9856733e-01,2.0105967e-01,9.9531792e-02,6.3525797e-05]
5;1;1;[9.8372879e-04,4.1534543e-01,2.8945181e-01,2.9413992e-01,7.9103047e-05]
6;3;3;[5.7845103e-04,4.5244753e-01,8.9324519e-02,4.5732638e-01,3.2322784e-04]
7;0;0;[9.8912001e-01,5.3856913e-03,2.1914803e-04,2.7358127e-04,5.0016451e-03]
2;1;1;[6.4502738e-04,9.6196389e-01,3.5990320e-02,1.3714762e-03,2.9284342e-05]
3;3;1;[1.4584140e-03,8.1686324e-01,1.0981244e-01,7.1813323e-02,5.2561543e-05]
4;0;0;[0.5495847 ,0.426206  ,0.01294818,0.00969177,0.00156942]
2;0;0;[0.7611537 ,0.19066375,0.02726227,0.01531812,0.00560215]
2;0;0;[0.94206613,0.0364667 ,0.00452578,0.01103723,0.00590407]
2;1;1;[0.00542646,0.62031585,0.15091395,0.2209708 ,0.00237297]
3;3;1;[0.00302905,0.563042  ,0.07996212,0.35268062,0.00128622]
4;0;0;[9.6044230e-01,2.4865144e-03,1.4980372e-04,4.0888708e-04,3.6512453e-02]
2;0;0;[0.784999  ,0.17118572,0.02646961,0.01322398,0.00412173]
2;0;0;[0.7729279 ,0.18097407,0.0279618 ,0.01396798,0.00416827]
2;1;1;[0.00539553,0.6270778 ,0.14339615,0.2217433 ,0.0023872 ]
3;1;3;[0.00335172,0.45609266,0.03290676,0.50624263,0.00140618]
4;3;1;[0.00294955,0.63703066,0.06670821,0.2916181 ,0.00169349]
5;0;0;[9.3765116e-01,5.7084449e-03,3.1300675e-04,4.5479104e-04,5.5872574e-02]
2;1;1;[6.5952278e-04,9.5877498e-01,3.9177824e-02,1.3581095e-03,2.9570265e-05]
3;2;1;[1.1802163e-03,8.5123771e-01,9.6360661e-02,5.1174015e-02,4.7367394e-05]
4;1;1;[4.6085013e-04,9.4866842e-01,4.9211770e-02,1.6323908e-03,2.6523003e-05]
5;2;1;[1.7808026e-03,6.8801546e-01,1.6336797e-01,1.4679776e-01,3.8049700e-05]
6;1;1;[5.6278531e-04,9.5916241e-01,3.7251793e-02,3.0065479e-03,1.6489401e-05]
7;2;1;[1.3286746e-03,6.8429518e-01,1.9608583e-01,1.1827498e-01,1.5364860e-05]
8;1;1;[2.3777056e-03,8.9375061e-01,9.2563629e-02,1.1295161e-02,1.2848612e-05]
9;2;1;[9.2102477e-04,6.0842657e-01,2.4262296e-01,1.4801641e-01,1.3030869e-05]
10;1;1;[9.2259829e-04,9.1500843e-01,7.6079115e-02,7.9754731e-03,1.4442424e-05]
11;1;1;[1.2336734e-03,6.1753774e-01,2.1860471e-01,1.6261250e-01,1.1340997e-05]
12;3;1;[7.5372338e-04,4.5958906e-01,3.2624060e-01,2.1340664e-01,9.9759836e-06]
13;0;0;[0.8521045 ,0.11915688,0.01862381,0.00900649,0.00110829]
2;1;1;[7.1136764e-04,9.5151496e-01,4.6356317e-02,1.3861145e-03,3.1288433e-05]
3;2;1;[9.3572203e-04,8.7873662e-01,8.4775850e-02,3.5509888e-02,4.1862782e-05]
4;1;1;[4.9503689e-04,9.4399166e-01,5.3847548e-02,1.6403301e-03,2.5442781e-05]
5;2;1;[1.7105094e-03,6.9652146e-01,1.6184415e-01,1.3988563e-01,3.8180562e-05]
6;1;1;[6.7950157e-04,9.4136667e-01,5.4737002e-02,3.1976046e-03,1.9147979e-05]
7;2;1;[1.43730559e-03,7.06730604e-01,1.77543446e-01,1.14269085e-01,1.95574485e-05]
8;1;1;[2.6914657e-03,8.9799082e-01,8.8837169e-02,1.0463700e-02,1.6946118e-05]
9;2;1;[1.0617275e-03,6.1576587e-01,2.2713737e-01,1.5601809e-01,1.6955068e-05]
10;1;1;[9.3508512e-04,9.3808150e-01,5.3178925e-02,7.7865864e-03,1.7851222e-05]
11;1;1;[1.2587856e-03,6.1941993e-01,2.0891741e-01,1.7039119e-01,1.2727384e-05]
12;3;1;[7.8799011e-04,4.1488680e-01,3.3622053e-01,2.4809358e-01,1.1049143e-05]
13;0;0;[0.8352846 ,0.13254665,0.02053245,0.0104622 ,0.00117414]
2;0;0;[0.95546585,0.0255331 ,0.0026649 ,0.01091505,0.00542111]
2;0;0;[0.7286644 ,0.2168936 ,0.03340309,0.01648808,0.0045509 ]
2;3;3;[0.00481947,0.430119  ,0.02383558,0.5396417 ,0.00158417]
3;0;0;[8.8610619e-01,1.4728399e-03,1.7501668e-04,2.6395448e-04,1.1198201e-01]
2;2;1;[8.9153124e-04,8.3714682e-01,1.1615156e-01,4.5618244e-02,1.9181201e-04]
3;1;1;[6.4593356e-04,8.7400782e-01,1.2422505e-01,1.0805345e-03,4.0625368e-05]
4;3;1;[9.3853875e-04,6.8053758e-01,1.8678600e-01,1.3166019e-01,7.7674034e-05]
5;0;0;[0.5050841 ,0.47225228,0.01355554,0.00510724,0.00400083]
2;1;1;[8.3815615e-04,8.4838080e-01,1.0078163e-01,4.9752556e-02,2.4678258e-04]
3;3;1;[6.7462330e-04,6.7326111e-01,2.4176599e-01,8.3915085e-02,3.8312178e-04]
4;0;0;[0.7181054 ,0.02046638,0.00183753,0.00407099,0.2555197 ]
2;3;1;[0.00541479,0.6230768 ,0.14795434,0.22117426,0.00237988]
3;0;0;[9.6168983e-01,7.6622888e-04,1.3538325e-04,9.1514038e-04,3.6493361e-02]
2;0;0;[0.9269738 ,0.04858672,0.00700908,0.0113188 ,0.00611162]
2;0;0;[0.7443538 ,0.20448096,0.03016511,0.01580126,0.00519892]
2;2;1;[9.7886787e-04,9.0342253e-01,9.3989402e-02,1.5698867e-03,3.9307582e-05]
3;1;1;[2.7031016e-03,7.4381822e-01,2.5015241e-01,3.1973652e-03,1.2881732e-04]
4;1;1;[2.52238871e-03,5.17838836e-01,3.11786115e-01,1.67747751e-01,1.04959254e-04]
5;2;2;[1.6285185e-03,2.7555302e-01,5.3459078e-01,1.8814863e-01,7.9084508e-05]
6;2;1;[2.1775162e-03,7.3048389e-01,2.6459590e-01,2.6284528e-03,1.1426061e-04]
7;1;1;[1.2505975e-02,7.7758181e-01,2.0440368e-01,5.0988346e-03,4.0972515e-04]
8;3;1;[4.0795878e-03,4.8762244e-01,3.7730461e-01,1.3088956e-01,1.0383293e-04]
9;1;0;[0.93530434,0.0484615 ,0.00740132,0.00610657,0.00272627]
10;3;2;[6.9974968e-03,7.3288858e-02,5.4911995e-01,3.7047476e-01,1.1893260e-04]
11;0;0;[0.98057806,0.00988641,0.00313675,0.00527955,0.00111921]
2;0;0;[0.92346954,0.05136032,0.00762916,0.01141814,0.00612281]
2;0;0;[0.9307681 ,0.0456029 ,0.00631832,0.01122157,0.00608915]
2;1;1;[0.00541637,0.62270993,0.14834672,0.22114801,0.00237897]
3;3;1;[0.00333594,0.6091153 ,0.14721721,0.23916   ,0.0011715 ]
4;0;0;[9.2081684e-01,2.4696775e-03,1.9797572e-04,4.8857566e-04,7.6026961e-02]
2;0;0;[0.7929627 ,0.16487046,0.02536348,0.01270541,0.00409804]
2;0;0;[0.9485502 ,0.03115482,0.00362739,0.01097147,0.0056961 ]
2;0;0;[0.9168115 ,0.05672254,0.0086868 ,0.0116732 ,0.00610595]
2;1;1;[0.00547038,0.60774577,0.15792   ,0.2265224 ,0.0023414 ]
3;1;1;[0.00312882,0.59231675,0.14246261,0.26088363,0.00120817]
4;1;1;[0.00242815,0.69409436,0.14069487,0.16150299,0.00127959]
5;2;1;[0.00278136,0.62488115,0.17985158,0.19118515,0.00130066]
6;1;1;[1.0832571e-03,9.1228122e-01,8.4752515e-02,1.5771345e-03,3.0587023e-04]
7;3;1;[1.37691258e-03,6.03619516e-01,2.74792343e-01,1.20076045e-01,1.35184557e-04]
8;0;0;[0.96073216,0.02873615,0.00288414,0.00650082,0.00114682]
2;1;1;[0.00578888,0.48953906,0.068431  ,0.4338959 ,0.00234515]
3;1;1;[0.00265284,0.5980803 ,0.199883  ,0.1974801 ,0.0019038 ]
4;1;1;[0.00207293,0.6636136 ,0.17843781,0.15473847,0.0011371 ]
5;3;1;[0.00237799,0.6524768 ,0.1393305 ,0.20407291,0.00174186]
6;0;0;[9.6748370e-01,7.7015921e-03,4.2150484e-04,3.5980347e-04,2.4033399e-02]
2;1;1;[6.3228223e-04,9.6636468e-01,3.1514704e-02,1.4585430e-03,2.9683024e-05]
3;3;1;[7.4934470e-04,8.9033157e-01,7.4423604e-02,3.4457967e-02,3.7565245e-05]
4;0;0;[0.82475275,0.155848  ,0.00301655,0.01525311,0.00112962]
2;3;1;[7.8824389e-04,8.7441367e-01,8.1328832e-02,4.3306466e-02,1.6282381e-04]
3;0;1;[0.16612123,0.79811215,0.02569922,0.0024716 ,0.00759575]
2;1;1;[6.4335699e-04,9.6238738e-01,3.5563815e-02,1.3760532e-03,2.9314284e-05]
3;3;3;[2.9673434e-03,3.7257493e-01,1.8956541e-01,4.3480983e-01,8.2495164e-05]
4;0;0;[0.88259286,0.09599894,0.00418818,0.0148044 ,0.00241568]
2;1;1;[0.00565178,0.59113246,0.15670848,0.2441139 ,0.00239341]
3;3;1;[0.00294092,0.53382736,0.06624592,0.3955624 ,0.00142339]
4;0;0;[8.8386422e-01,2.1557757e-03,4.7690803e-05,2.4537809e-04,1.1368693e-01]
2;0;0;[0.80822396,0.15283175,0.02309024,0.01179533,0.00405878]
2;3;1;[0.006165  ,0.5143632 ,0.10034654,0.37653166,0.00259357]
3;0;0;[8.9923298e-01,1.5043491e-03,2.2312695e-04,5.3319440e-04,9.8506406e-02]
2;0;0;[0.9517817 ,0.02853153,0.00316536,0.01094657,0.00557478]
2;0;0;[0.9504778 ,0.02959102,0.00334959,0.01095588,0.00562577]
2;0;0;[0.75422114,0.19615498,0.03027338,0.01511922,0.00423125]
2;0;0;[0.94948095,0.03040024,0.00349283,0.01096241,0.00566365]
2;1;1;[6.2208407e-04,9.7035831e-01,2.7397046e-02,1.5924372e-03,3.0039488e-05]
3;3;1;[2.7405012e-03,5.1183587e-01,1.6727416e-01,3.1806996e-01,7.9492485e-05]
4;0;0;[0.70267636,0.26401463,0.00938546,0.02147783,0.00244577]
2;0;0;[0.92057437,0.06188168,0.00769771,0.00573429,0.00411198]
2;0;0;[0.7367635 ,0.21042311,0.03178168,0.01604879,0.0049829 ]
2;0;0;[0.8367065 ,0.13009483,0.01906704,0.01017618,0.00395541]
2;0;0;[0.73362374,0.21288435,0.03244385,0.0161789 ,0.00486921]
2;0;0;[0.9348887 ,0.04234192,0.00559739,0.01111093,0.0060611 ]
2;0;0;[0.7834463 ,0.17244439,0.02666158,0.0133197 ,0.004128  ]
2;0;0;[0.7542991 ,0.1966324 ,0.02810097,0.01546558,0.00550201]
2;0;0;[0.9053611 ,0.06596176,0.01055176,0.01204645,0.0060789 ]
2;0;0;[0.9474586 ,0.03203963,0.00378729,0.01098195,0.00573258]
2;0;0;[0.7497678 ,0.19977017,0.03082602,0.01539148,0.00424453]
2;0;0;[0.9478878 ,0.03169182,0.00372414,0.0109779 ,0.00571835]
2;0;0;[0.74296534,0.20557089,0.03045814,0.01584708,0.00515846]
2;0;0;[0.72954625,0.21617505,0.03324023,0.01642907,0.00460939]
2;1;1;[6.0370209e-04,9.7348911e-01,2.4138512e-02,1.7379451e-03,3.0774139e-05]
3;1;1;[1.3666886e-03,8.0575228e-01,9.4719365e-02,9.8100513e-02,6.1182167e-05]
4;3;3;[1.6236620e-03,3.6647490e-01,2.5313169e-01,3.7872186e-01,4.7813508e-05]
5;0;0;[9.8403347e-01,1.0971324e-02,5.4779660e-04,1.0781761e-03,3.3692555e-03]
2;0;0;[0.93077314,0.04559887,0.00631741,0.01122144,0.00608912]
2;0;0;[0.9330348 ,0.04381366,0.00591811,0.01115927,0.00607422]
2;0;0;[0.80754584,0.14914489,0.02300161,0.01442259,0.00588508]
2;1;1;[7.4179814e-04,9.4746822e-01,5.0348230e-02,1.4094062e-03,3.2294069e-05]
3;1;1;[7.0528575e-04,8.9580113e-01,8.0534063e-02,2.2932015e-02,2.7418428e-05]
4;1;1;[4.30252578e-04,8.70572627e-01,1.01985306e-01,2.69930866e-02,1.86298385e-05]
5;3;1;[7.1853766e-04,6.2059277e-01,2.8266770e-01,9.5974036e-02,4.6875008e-05]
6;0;0;[9.8552334e-01,7.9138624e-03,4.2728623e-04,1.7108016e-03,4.4247583e-03]
2;0;0;[0.9048268 ,0.06639242,0.01064068,0.01206248,0.00607757]
2;0;0;[0.74706703,0.20234676,0.02959592,0.01571101,0.00527927]
2;0;0;[0.90521955,0.06607589,0.0105753 ,0.01205071,0.00607855]
2;0;0;[0.7650602 ,0.18735698,0.02893403,0.01445271,0.00419605]
2;0;0;[0.8391238 ,0.12815805,0.01873634,0.01003753,0.00394427]
2;0;0;[0.931962  ,0.04466105,0.00610633,0.01118917,0.00608144]
2;0;0;[0.7961582 ,0.15934026,0.02403188,0.01464215,0.00582748]
2;1;1;[7.4631278e-04,9.4685268e-01,5.0955806e-02,1.4127882e-03,3.2442196e-05]
3;3;1;[7.4126228e-04,8.9531106e-01,7.9220951e-02,2.4696346e-02,3.0395404e-05]
4;0;0;[0.75832933,0.22374046,0.00711564,0.0097805 ,0.00103412]
2;0;0;[0.917     ,0.05657022,0.00865667,0.01166663,0.00610649]
2;0;0;[0.9391477 ,0.03886898,0.0049304 ,0.01106445,0.00598851]
2;0;0;[0.9499891 ,0.03746915,0.00354291,0.00416917,0.00482967]
2;0;0;[0.72942924,0.2162691 ,0.03326318,0.01643622,0.00460219]
2;0;0;[0.7615237 ,0.19032986,0.02722938,0.01531204,0.0056049 ]
2;0;0;[0.93298787,0.04385071,0.00592629,0.01116058,0.00607454]
2;1;1;[6.2415778e-04,9.6968585e-01,2.8093657e-02,1.5663896e-03,2.9979932e-05]
3;3;1;[2.8134442e-03,4.3942803e-01,1.7159118e-01,3.8608560e-01,8.1845326e-05]
4;0;0;[0.8153948 ,0.15694919,0.00612316,0.0186932 ,0.00283964]
2;0;0;[0.8252136 ,0.13926786,0.02067629,0.01084   ,0.00400228]
2;1;1;[0.00578924,0.58065015,0.15458836,0.256533  ,0.00243919]
3;3;1;[0.00286494,0.5580619 ,0.08594438,0.35173485,0.00139394]
4;0;0;[9.6016532e-01,2.3745277e-03,1.3668711e-04,2.8494778e-04,3.7038546e-02]
2;0;0;[0.76480603,0.18737087,0.02693656,0.01525739,0.00562923]
2;1;0;[0.9237649 ,0.05112024,0.00758279,0.01140905,0.00612313]
3;3;1;[0.01223085,0.38092533,0.23808691,0.36730656,0.00145043]
4;1;0;[9.8806095e-01,4.6570073e-03,1.0975361e-03,9.3446125e-04,5.2499068e-03]
5;1;3;[0.103634  ,0.12895672,0.16675693,0.59921175,0.00144059]
6;1;3;[5.0510082e-02,1.6244572e-01,1.5484615e-01,6.3156694e-01,6.3104578e-04]
7;3;3;[3.630632e-02,1.386549e-01,5.542310e-02,7.690209e-01,5.947996e-04]
8;0;0;[9.9107087e-01,7.0427288e-04,8.2419196e-05,2.9701798e-03,5.1722168e-03]
2;0;0;[0.76007754,0.1916348 ,0.02735788,0.01533569,0.00559418]
2;3;1;[7.0940092e-04,8.9317912e-01,6.1479706e-02,4.4472139e-02,1.5956307e-04]
3;0;1;[0.24360254,0.72443885,0.01911305,0.0025602 ,0.01028529]
2;2;1;[0.00570618,0.58706003,0.15591279,0.24890971,0.0024113 ]
3;1;1;[9.824098e-04,9.069903e-01,9.092552e-02,9.594066e-04,1.423662e-04]
4;3;1;[1.1871237e-03,7.1881264e-01,2.1637669e-01,6.3536279e-02,8.7273605e-05]
5;0;0;[0.60057694,0.3705991 ,0.02431615,0.0028635 ,0.00164427]
2;0;0;[0.7437306 ,0.2049703 ,0.03029651,0.01582185,0.0051807 ]
2;0;0;[0.7729279 ,0.18097407,0.0279618 ,0.01396798,0.00416827]
2;0;0;[0.8515256 ,0.11821427,0.01705147,0.00932408,0.00388446]
