prefix_length;ground_truth;predicted;prediction_probs
1;2;2;[0.00721941,0.0046506 ,0.9371253 ,0.00463433,0.04637023]
1;2;2;[0.00693017,0.00378683,0.94461   ,0.00507457,0.03959846]
1;2;2;[0.00791795,0.01049571,0.89514613,0.00307513,0.08336501]
2;4;4;[0.35027167,0.087761  ,0.00081625,0.00067258,0.5604785 ]
3;4;4;[4.4122717e-01,5.2949544e-02,1.9639073e-04,1.7022967e-04,5.0545663e-01]
4;0;0;[5.8159578e-01,3.1109445e-02,8.1552498e-05,6.8797945e-04,3.8652524e-01]
4;2;2;[5.3355619e-05,1.3685272e-04,9.9240088e-01,5.2962583e-03,2.1126803e-03]
2;4;4;[0.17392328,0.15306655,0.00180126,0.00085274,0.67035615]
3;0;4;[1.7949827e-01,1.6788919e-01,6.0708763e-04,8.4222658e-05,6.5192121e-01]
3;2;2;[0.00237882,0.00114807,0.9726064 ,0.00260062,0.02126608]
1;2;2;[0.00777395,0.00779552,0.91361666,0.00367613,0.06713776]
2;4;4;[3.9145984e-03,3.1486616e-02,8.9467625e-04,4.7710461e-07,9.6370357e-01]
3;4;0;[4.4791976e-01,1.3417506e-01,6.5823487e-04,6.3402297e-07,4.1724631e-01]
4;4;4;[2.9832137e-01,8.6258791e-02,1.6378150e-03,1.5437296e-06,6.1378050e-01]
5;4;0;[5.3594238e-01,1.4837682e-01,1.2981010e-03,3.7630457e-06,3.1437889e-01]
6;4;4;[3.3802286e-01,1.5171655e-01,3.9198756e-04,3.5175219e-06,5.0986511e-01]
7;1;0;[4.4066387e-01,1.2130810e-01,3.1320823e-04,4.5928646e-06,4.3771020e-01]
8;4;4;[6.5339375e-03,4.4256579e-02,3.9836109e-04,9.4606958e-07,9.4881016e-01]
9;4;4;[1.4690599e-01,1.3088854e-01,1.7454191e-04,1.2455095e-06,7.2202975e-01]
10;4;4;[1.6769587e-01,2.0463184e-01,1.1165704e-03,2.2645638e-06,6.2655348e-01]
11;4;4;[1.7339191e-01,3.0093068e-01,1.1470580e-03,2.0431596e-06,5.2452832e-01]
12;1;4;[1.6968299e-01,2.8412300e-01,8.6678512e-04,2.0770963e-06,5.4532516e-01]
13;4;4;[1.8363640e-02,4.8077494e-02,2.1775505e-03,1.6237135e-06,9.3137968e-01]
14;4;4;[2.3728593e-01,2.7191517e-01,5.2234565e-04,5.5507076e-07,4.9027595e-01]
15;0;4;[2.9312328e-01,2.9309562e-01,9.4145251e-04,1.3494413e-06,4.1283831e-01]
15;2;2;[4.1553448e-03,4.6819355e-03,9.2653143e-01,2.7855885e-05,6.4603403e-02]
2;0;4;[9.0267792e-02,2.9241661e-02,7.2634959e-04,5.6276818e-05,8.7970793e-01]
2;2;2;[1.8569287e-03,3.7614803e-03,7.9999185e-01,5.7544198e-04,1.9381432e-01]
1;2;2;[0.00744964,0.00557149,0.92982006,0.00428979,0.05286907]
1;2;2;[0.00779678,0.00805612,0.91183627,0.00361479,0.06869604]
1;2;2;[0.00747332,0.0056765 ,0.9290027 ,0.00425643,0.05359109]
2;4;4;[0.36951378,0.07504624,0.00076482,0.00060289,0.55407226]
3;4;4;[2.7323774e-01,1.6540825e-01,2.8147962e-04,2.0398085e-04,5.6086856e-01]
4;0;4;[4.5874843e-01,5.4143533e-02,1.5535906e-04,3.3282154e-04,4.8661986e-01]
4;2;2;[0.00259077,0.00154592,0.8931358 ,0.08034372,0.02238383]
1;2;2;[0.0065761 ,0.00289378,0.9526746 ,0.00575393,0.03210162]
2;0;4;[0.25250936,0.15136366,0.00137937,0.00132504,0.59342253]
2;2;2;[0.00264054,0.00180573,0.936039  ,0.03955955,0.01995526]
2;4;4;[0.15970773,0.12703174,0.00196156,0.0008959 ,0.710403  ]
3;4;4;[3.8084668e-01,7.3375970e-02,5.2379444e-04,6.8297013e-05,5.4518521e-01]
4;0;4;[2.2974555e-01,9.4689004e-02,3.8773721e-04,9.3105788e-05,6.7508459e-01]
4;2;2;[0.00226879,0.00108575,0.97659165,0.00549455,0.01455929]
2;4;4;[3.4267751e-03,6.6278748e-02,1.2528264e-03,5.7088977e-07,9.2904103e-01]
3;1;4;[3.5750024e-02,1.3739623e-01,4.2629844e-04,2.1119065e-07,8.2642722e-01]
4;4;4;[4.2985301e-03,6.1049204e-02,6.2434271e-04,4.8613650e-08,9.3402785e-01]
5;0;4;[3.3459872e-01,1.9987160e-01,6.0712342e-04,9.2669758e-08,4.6492252e-01]
5;2;2;[1.0906300e-02,4.0640249e-03,9.1663247e-01,1.1515536e-06,6.8395898e-02]
1;2;2;[0.00727185,0.0048458 ,0.93554854,0.00455304,0.04778078]
2;0;4;[4.0092325e-01,5.7015270e-02,6.9354795e-04,5.0306751e-04,5.4086488e-01]
2;2;2;[0.00356943,0.00595499,0.88819826,0.05773614,0.04454122]
1;2;2;[7.3468070e-03,3.0918339e-02,7.6719612e-01,4.8639724e-04,1.9405238e-01]
1;2;2;[0.00803004,0.02073836,0.82590866,0.00174078,0.14358214]
1;2;2;[0.00701495,0.00403508,0.94241506,0.00492504,0.0416099 ]
2;4;4;[3.3153191e-03,4.1651111e-02,1.0517576e-03,3.9831281e-07,9.5398146e-01]
3;4;0;[4.5462853e-01,1.3568063e-01,5.8674975e-04,5.7350076e-07,4.0910351e-01]
4;1;4;[3.3694065e-01,6.9322206e-02,1.3342919e-03,2.3393809e-06,5.9240055e-01]
5;4;4;[1.3432216e-02,4.6533894e-02,2.8298867e-03,1.7667497e-06,9.3720227e-01]
6;4;4;[1.24278545e-01,2.24081621e-01,5.55784325e-04,5.09470397e-07,6.51083529e-01]
7;4;4;[2.4199340e-01,1.5292645e-01,2.6203594e-03,2.1234557e-06,6.0245770e-01]
8;1;4;[1.5168080e-01,3.2481286e-01,2.2123873e-03,2.6709702e-06,5.2129132e-01]
9;4;4;[1.2035371e-02,3.6912587e-02,1.1382053e-03,6.8232526e-07,9.4991314e-01]
10;4;4;[9.9401832e-02,1.9014657e-01,1.4866322e-03,8.1505664e-07,7.0896411e-01]
11;0;4;[2.8993496e-01,2.5718632e-01,2.1540485e-03,1.1668809e-06,4.5072344e-01]
11;2;2;[9.1626551e-03,5.0725928e-03,9.4049501e-01,3.9650444e-05,4.5230098e-02]
1;2;2;[7.3024225e-03,3.1404313e-02,7.6401269e-01,4.6833925e-04,1.9681230e-01]
1;2;2;[7.8800907e-03,3.9986089e-02,7.2229385e-01,4.3544851e-04,2.2940455e-01]
2;4;4;[4.7230185e-03,2.8952694e-02,8.5718854e-04,6.8589759e-07,9.6546638e-01]
3;1;4;[4.2838585e-01,1.3307303e-01,7.1359164e-04,8.2267195e-07,4.3782675e-01]
4;4;4;[1.9088488e-02,7.1467176e-02,8.4396912e-04,2.3723298e-07,9.0860015e-01]
5;4;4;[3.0516765e-01,1.2604128e-01,1.5389244e-04,7.2852362e-07,5.6863648e-01]
6;4;0;[5.1883101e-01,2.1274771e-01,1.0629327e-03,2.0453674e-06,2.6735634e-01]
7;0;0;[3.8085362e-01,3.0725834e-01,9.0535829e-04,1.3350990e-06,3.1098136e-01]
7;2;2;[9.2025399e-03,2.0513288e-03,9.6876627e-01,4.6044152e-05,1.9933769e-02]
1;2;2;[0.00757782,0.00614601,0.92537105,0.0041178 ,0.05678738]
2;4;4;[0.00750878,0.27324176,0.00440637,0.00126328,0.71357983]
3;0;4;[4.8542637e-02,3.2931816e-02,2.9037561e-04,3.5535177e-06,9.1823167e-01]
3;2;2;[0.01671018,0.00626726,0.75216854,0.0170817 ,0.20777227]
2;1;4;[9.2831142e-02,7.1928978e-02,1.1128323e-03,1.1131248e-04,8.3401573e-01]
3;4;4;[5.9288563e-03,6.6687524e-02,4.0022322e-04,1.1086241e-06,9.2698222e-01]
4;0;4;[2.1626601e-01,2.3945558e-01,4.1774250e-04,1.7119128e-06,5.4385889e-01]
4;2;4;[1.4481895e-02,4.7101840e-02,3.4564531e-01,1.2477673e-05,5.9275848e-01]
2;0;4;[0.18262786,0.15645371,0.00174813,0.00087881,0.65829146]
2;2;2;[1.8968834e-03,9.1170613e-04,9.7008932e-01,1.2688194e-02,1.4413845e-02]
1;2;2;[0.00770827,0.00709018,0.9185116 ,0.00385795,0.06283188]
1;2;2;[7.4608722e-03,3.9651897e-02,7.3845142e-01,6.3414511e-04,2.1380167e-01]
2;0;4;[0.2854884 ,0.14036737,0.00119054,0.00112828,0.57182544]
2;4;2;[0.00112451,0.00969072,0.9390397 ,0.00403466,0.04611049]
3;0;0;[4.8508152e-01,2.1047224e-01,8.5421456e-03,3.9339162e-04,2.9551062e-01]
3;2;2;[1.2218170e-03,2.5758587e-03,9.8337734e-01,3.1169868e-04,1.2513243e-02]
1;2;2;[7.8177219e-03,4.1241217e-02,7.2126263e-01,4.7119678e-04,2.2920720e-01]
2;0;4;[4.2467806e-01,4.2149611e-02,6.3893059e-04,4.1577875e-04,5.3211766e-01]
2;2;2;[0.00350983,0.00260426,0.8356007 ,0.13249826,0.02578695]
1;2;2;[0.00709834,0.00427374,0.9403291 ,0.00480478,0.04349399]
1;2;2;[0.00801245,0.01876622,0.8379131 ,0.0018986 ,0.13340962]
2;4;4;[3.2937801e-03,4.4094525e-02,1.0814277e-03,4.0899690e-07,9.5152980e-01]
3;4;4;[3.4458887e-02,9.6408524e-02,5.0764682e-04,1.5967517e-07,8.6862475e-01]
4;1;4;[4.3417178e-02,1.4492783e-01,1.2890128e-03,3.9874863e-07,8.1036562e-01]
5;4;4;[3.8678651e-03,4.8737019e-02,1.1004955e-03,9.9695612e-08,9.4629455e-01]
6;4;4;[1.8271361e-01,2.7280122e-01,6.2008487e-04,8.5733276e-08,5.4386497e-01]
7;4;1;[2.2238261e-01,3.9004233e-01,1.1644268e-03,2.3115697e-07,3.8641039e-01]
8;4;1;[2.3069020e-01,3.9822873e-01,8.5215765e-04,3.9499739e-07,3.7022856e-01]
9;4;4;[1.5213571e-01,3.9337486e-01,7.3159358e-04,5.1156587e-07,4.5375738e-01]
10;0;1;[1.2580791e-01,4.4386256e-01,1.1158920e-03,5.1921046e-07,4.2921320e-01]
10;2;2;[4.2734458e-03,1.5087549e-03,9.8640370e-01,7.6561428e-06,7.8065149e-03]
2;1;4;[0.1644467 ,0.14475739,0.00188166,0.00082168,0.6880926 ]
3;4;4;[3.3662776e-03,6.3863821e-02,3.9852297e-04,1.1732128e-06,9.3237019e-01]
4;0;4;[3.9821319e-02,1.0680163e-01,4.3178785e-05,9.9635770e-07,8.5333288e-01]
4;2;4;[1.1011670e-02,3.3366755e-02,1.6468044e-01,5.7939327e-05,7.9088324e-01]
1;2;2;[0.00759896,0.00625993,0.92451215,0.00408535,0.05754362]
1;2;2;[0.00801751,0.01925106,0.83494616,0.00185652,0.13592884]
2;4;4;[3.2953206e-03,4.3969072e-02,1.0802364e-03,4.0841689e-07,9.5165491e-01]
3;0;0;[4.4510168e-01,1.3729969e-01,5.8050948e-04,5.8240613e-07,4.1701755e-01]
3;2;2;[4.1818768e-03,5.1713302e-03,8.2924283e-01,1.0464227e-05,1.6139346e-01]
2;1;4;[0.38516426,0.06551231,0.00072694,0.00054937,0.5480471 ]
3;4;4;[2.7653852e-03,3.3054966e-02,1.9372752e-04,7.9144129e-06,9.6397799e-01]
4;1;4;[1.01053745e-01,1.66798294e-01,2.52917991e-04,5.31466912e-06,7.31889784e-01]
5;4;4;[1.0033541e-02,7.7190608e-02,5.2567053e-04,3.9050545e-07,9.1224974e-01]
6;4;4;[7.9450443e-02,2.9259962e-01,3.8625507e-04,5.0268278e-07,6.2756318e-01]
7;0;4;[1.8083735e-01,3.1180146e-01,8.6725689e-04,1.0574756e-06,5.0649285e-01]
7;2;2;[1.8852180e-02,8.2880761e-03,8.2887876e-01,1.0737254e-04,1.4387356e-01]
2;4;4;[3.7959581e-03,3.2031316e-02,9.0179400e-04,4.5149073e-07,9.6327043e-01]
3;4;4;[4.5654856e-02,9.3937807e-02,6.9068332e-04,1.6619413e-07,8.5971648e-01]
4;4;4;[5.4367676e-02,1.2039351e-01,1.4825935e-03,3.8906674e-07,8.2375586e-01]
5;0;0;[6.0886693e-01,1.1025494e-01,1.3200586e-03,6.7005698e-07,2.7955747e-01]
5;2;2;[2.5657163e-04,4.5916822e-04,9.9233043e-01,3.0210826e-06,6.9507509e-03]
1;2;2;[7.5112227e-03,3.5460021e-02,7.4156129e-01,4.0575166e-04,2.1506168e-01]
1;2;2;[7.5958008e-03,3.6216151e-02,7.3784316e-01,4.0831996e-04,2.1793662e-01]
1;2;2;[0.00742314,0.00545671,0.9307132 ,0.00432813,0.05207888]
2;4;4;[4.4173989e-03,2.9822022e-02,8.7447773e-04,5.9860997e-07,9.6488547e-01]
3;4;4;[4.0597764e-01,1.3727896e-01,7.0967578e-04,7.4494733e-07,4.5603302e-01]
4;4;0;[5.6301683e-01,1.6119957e-01,1.4651958e-03,1.1355042e-06,2.7431726e-01]
5;0;4;[3.8220763e-01,1.4316341e-01,7.0944539e-04,3.7112161e-06,4.7391585e-01]
5;2;2;[2.2181456e-03,4.1033882e-03,9.5596391e-01,3.2448843e-05,3.7682015e-02]
2;0;4;[0.16511424,0.14578381,0.00187471,0.00082495,0.6864023 ]
2;2;2;[0.00223469,0.01165073,0.9144832 ,0.00117925,0.07045221]
2;0;4;[0.18228784,0.156383  ,0.00174969,0.00087638,0.65870315]
2;2;2;[1.8846211e-03,8.9638418e-04,9.7035730e-01,1.2642339e-02,1.4219473e-02]
2;0;4;[0.19466572,0.15630595,0.00166513,0.00097953,0.6463837 ]
2;2;2;[0.00279342,0.00942846,0.90608126,0.0056021 ,0.07609467]
1;2;2;[0.00781442,0.00826594,0.91041344,0.00356736,0.06993888]
1;2;2;[0.0079247 ,0.01092054,0.8920284 ,0.00297848,0.0861479 ]
2;4;4;[0.26248446,0.1478812 ,0.00134316,0.00129738,0.5869938 ]
3;0;0;[5.0650102e-01,3.6847975e-02,3.3045764e-04,6.6428554e-05,4.5625409e-01]
3;2;2;[0.00159663,0.00167365,0.9663577 ,0.0111155 ,0.01925656]
2;4;4;[5.7601477e-03,2.6882760e-02,8.0731686e-04,1.2770405e-06,9.6654850e-01]
3;0;4;[1.67520225e-01,1.23894446e-01,1.00480672e-03,8.37575271e-07,7.07579672e-01]
3;2;2;[1.0386255e-02,2.4161467e-03,9.2444950e-01,1.2323429e-05,6.2735744e-02]
2;4;4;[3.2974489e-03,4.3797564e-02,1.0785945e-03,4.0762714e-07,9.5182598e-01]
3;4;4;[2.1869045e-02,7.9043522e-02,1.1254245e-04,1.5698346e-07,8.9897472e-01]
4;0;4;[9.1152236e-02,9.3661331e-02,9.5176708e-04,1.8049010e-06,8.1423289e-01]
4;4;2;[5.7328781e-03,8.4736096e-03,6.7057580e-01,3.7011807e-05,3.1518072e-01]
5;0;4;[1.6287321e-01,2.1876439e-01,2.7740076e-02,5.6351519e-06,5.9061670e-01]
5;2;2;[7.9457797e-03,1.6209660e-03,9.6151745e-01,6.0819793e-06,2.8909717e-02]
2;4;4;[4.2813229e-03,1.0184869e-01,1.5604270e-03,1.2340208e-06,8.9230829e-01]
3;1;4;[6.5578610e-02,1.8754233e-01,3.9266417e-04,5.7053182e-07,7.4648577e-01]
4;4;4;[5.6446856e-03,5.9673071e-02,5.3119060e-04,1.1211289e-07,9.3415093e-01]
5;1;4;[6.9608048e-02,2.5703683e-01,5.2058051e-04,1.4005488e-07,6.7283440e-01]
6;4;4;[7.1309851e-03,7.3779516e-02,5.2988128e-04,4.0071544e-08,9.1855961e-01]
7;4;4;[1.2463982e-01,2.6618645e-01,7.0127530e-04,1.3471040e-07,6.0847235e-01]
8;0;1;[2.6592189e-01,4.1201159e-01,7.8582100e-04,2.0161906e-07,3.2128045e-01]
8;2;2;[8.3015142e-03,7.4598812e-03,9.2192739e-01,1.9125206e-05,6.2292084e-02]
1;2;2;[0.00669394,0.00316693,0.9501769 ,0.00551812,0.03444412]
2;4;4;[4.8181713e-03,2.8693179e-02,8.5323490e-04,7.2460278e-07,9.6563476e-01]
3;1;4;[7.163351e-02,1.041986e-01,8.531492e-04,3.028795e-07,8.233144e-01]
4;4;4;[6.7941709e-03,4.2603578e-02,4.6685946e-04,4.5225644e-08,9.5013535e-01]
5;1;0;[5.5873239e-01,1.2007366e-01,7.6235359e-04,9.8023399e-08,3.2043153e-01]
6;4;4;[1.8917400e-02,5.1094204e-02,7.1307272e-04,5.0019480e-08,9.2927527e-01]
7;4;0;[4.5011538e-01,1.6736931e-01,8.7257678e-04,1.3221886e-07,3.8164255e-01]
8;1;4;[3.6510849e-01,1.9989344e-01,2.0543132e-03,8.6935238e-08,4.3294364e-01]
9;4;4;[3.4577329e-02,7.1624063e-02,2.4983224e-03,9.3573497e-08,8.9130020e-01]
10;1;0;[4.1990253e-01,1.9942373e-01,7.8249763e-04,9.4684204e-08,3.7989113e-01]
11;4;4;[2.3061126e-02,4.3759394e-02,6.5550080e-04,4.8432170e-08,9.3252385e-01]
12;4;0;[6.2848657e-01,1.2840275e-01,8.9232082e-04,9.7499601e-08,2.4221821e-01]
13;0;0;[5.63137770e-01,1.04601204e-01,1.60980853e-03,1.08363459e-07,3.30651104e-01]
13;2;2;[3.8754847e-02,4.4066021e-03,8.7035739e-01,5.7790244e-06,8.6475343e-02]
2;0;4;[0.19190411,0.15634467,0.00168417,0.00095632,0.64911073]
2;2;2;[0.00253972,0.00285263,0.95054185,0.01047365,0.03359209]
1;2;2;[7.8766355e-03,4.1205633e-02,7.2050488e-01,4.6063497e-04,2.2995225e-01]
1;2;2;[0.00797305,0.01634287,0.8534025 ,0.00213934,0.1201422 ]
1;2;2;[0.00790573,0.00994395,0.8992134 ,0.00321095,0.07972595]
2;0;4;[9.0731755e-02,3.1066438e-02,7.3453441e-04,5.7852849e-05,8.7740946e-01]
2;2;2;[0.00390204,0.00940338,0.68729204,0.00160924,0.29779333]
2;1;4;[0.27261108,0.1447953 ,0.00128455,0.0012396 ,0.5800694 ]
3;4;4;[4.2930450e-03,7.3505618e-02,5.8164581e-04,8.3844661e-06,9.2161137e-01]
4;4;4;[1.6097139e-01,2.7731168e-01,1.8251095e-04,6.4731730e-06,5.6152791e-01]
5;1;4;[2.0237496e-01,2.9235673e-01,6.1928964e-04,1.0110463e-05,5.0463885e-01]
6;4;4;[5.1865219e-03,5.4476652e-02,4.5915166e-04,1.7250514e-06,9.3987596e-01]
7;0;0;[5.0840271e-01,2.1166317e-01,3.2928269e-04,1.1852536e-06,2.7960363e-01]
7;2;2;[1.3350843e-02,2.3537233e-02,6.8545073e-01,1.0724205e-05,2.7765045e-01]
2;4;4;[4.7130887e-03,2.8980460e-02,8.5760170e-04,6.8194197e-07,9.6544814e-01]
3;0;0;[5.9965795e-01,1.0352808e-01,5.6574540e-04,7.4816109e-07,2.9624748e-01]
3;2;2;[8.6822230e-03,6.2970663e-03,8.2640952e-01,1.6060727e-05,1.5859511e-01]
1;2;2;[0.00670647,0.00319736,0.94990045,0.00549359,0.03470219]
1;2;2;[0.00800277,0.01767107,0.8447381 ,0.00200034,0.12758769]
2;4;4;[3.2663385e-03,4.7234662e-02,1.1051710e-03,4.2464913e-07,9.4839340e-01]
3;4;4;[3.9111882e-01,1.4618495e-01,5.8474700e-04,5.8748589e-07,4.6211091e-01]
4;1;4;[2.8920075e-01,1.2571970e-01,1.5872834e-03,1.5980530e-06,5.8349067e-01]
5;4;4;[1.3858733e-02,4.1257162e-02,1.1664625e-03,4.0636908e-07,9.4371724e-01]
6;1;4;[1.9274727e-01,2.8908092e-01,8.8773912e-04,2.5007051e-07,5.1728386e-01]
7;4;4;[2.5142092e-02,9.7857721e-02,3.9252597e-03,1.8889506e-07,8.7307477e-01]
8;1;0;[5.1366806e-01,2.0578612e-01,7.5079262e-04,1.6204797e-07,2.7979484e-01]
9;4;4;[2.9091481e-02,5.8548421e-02,1.1397109e-03,1.4600154e-07,9.1122025e-01]
10;4;0;[5.1992738e-01,1.9166681e-01,8.6432573e-04,1.9838997e-07,2.8754130e-01]
11;1;0;[4.0997365e-01,2.1305431e-01,2.3531818e-03,2.4357936e-07,3.7461862e-01]
12;4;4;[6.19376861e-02,1.04240336e-01,6.16190210e-03,3.70783283e-07,8.27659726e-01]
13;4;4;[3.4501675e-01,2.9316202e-01,1.0748445e-03,1.8366320e-07,3.6074620e-01]
14;1;0;[5.2444506e-01,2.7403840e-01,1.2190404e-03,2.7424923e-07,2.0029722e-01]
15;4;4;[3.0699398e-02,7.8217998e-02,1.7425320e-03,1.8639921e-07,8.8933992e-01]
16;4;0;[3.7943265e-01,2.5187808e-01,1.1253034e-03,2.9027561e-07,3.6756372e-01]
17;4;0;[3.4653074e-01,3.4288242e-01,2.6609686e-03,2.7409484e-07,3.0792561e-01]
18;0;0;[5.9230214e-01,2.1131195e-01,8.4460404e-04,3.8165530e-07,1.9554090e-01]
18;2;2;[4.311527e-03,5.659796e-03,9.579779e-01,5.014358e-06,3.204571e-02]
2;4;4;[0.16172226,0.14043996,0.00190874,0.00080719,0.6951218 ]
3;0;4;[4.5850158e-01,6.4887598e-02,5.2246783e-04,4.3916902e-05,4.7604436e-01]
3;4;2;[2.3550016e-04,5.9328059e-04,9.9191040e-01,5.2837975e-04,6.7324224e-03]
4;0;0;[3.9234531e-01,3.1266168e-01,1.3067305e-02,2.7970813e-04,2.8164604e-01]
4;2;2;[2.2901720e-03,1.2716028e-03,9.8800325e-01,3.9244565e-04,8.0425274e-03]
2;4;4;[5.4639173e-03,2.7252957e-02,8.2036963e-04,1.0643828e-06,9.6646166e-01]
3;0;4;[2.9636434e-01,1.3005899e-01,8.9302298e-04,9.7065026e-07,5.7268268e-01]
3;2;2;[1.5569230e-02,1.5223589e-02,5.1666659e-01,9.1786987e-06,4.5253137e-01]
2;4;4;[5.1875743e-03,2.7805768e-02,8.3472586e-04,9.0152491e-07,9.6617103e-01]
3;4;4;[3.6615011e-01,1.3370745e-01,8.0962182e-04,9.7615725e-07,4.9933189e-01]
4;4;4;[3.2980019e-01,1.2742405e-01,1.7167267e-03,1.5684512e-06,5.4105747e-01]
5;4;4;[2.3736462e-01,1.9630150e-01,1.1497810e-03,2.4813664e-06,5.6518161e-01]
6;0;4;[4.2759672e-01,1.1520031e-01,4.6513250e-04,4.3229602e-06,4.5673352e-01]
6;2;2;[2.7455131e-03,7.9686684e-04,9.8491609e-01,6.4235697e-05,1.1477344e-02]
1;2;2;[0.00721905,0.00464929,0.9371361 ,0.00463488,0.0463607 ]
1;2;2;[0.00750436,0.0058175 ,0.9279078 ,0.00421344,0.05455687]
2;4;4;[0.19152746,0.15635483,0.00168692,0.00095312,0.64947766]
3;4;4;[3.1920263e-01,8.7704211e-02,4.6610873e-04,4.6349371e-05,5.9258068e-01]
4;0;4;[4.2937234e-01,8.0433898e-02,2.1701549e-04,7.6392324e-05,4.8990041e-01]
4;2;2;[0.00326997,0.00107197,0.94607055,0.03036574,0.01922176]
1;2;2;[7.6122056e-03,3.6357895e-02,7.3716587e-01,4.0885792e-04,2.1845514e-01]
1;2;2;[7.4481079e-03,3.0022925e-02,7.7319372e-01,5.2580773e-04,1.8880948e-01]
1;2;2;[0.00797154,0.01627082,0.85389143,0.00214774,0.11971858]
1;2;2;[7.4998289e-03,2.9381996e-02,7.7776515e-01,5.5537332e-04,1.8479761e-01]
2;0;4;[0.20679606,0.15595706,0.00158805,0.0010835 ,0.6345753 ]
2;2;2;[0.00134835,0.00782597,0.9501255 ,0.0031751 ,0.03752498]
1;2;2;[7.7758818e-03,3.7793402e-02,7.3012555e-01,4.1505913e-04,2.2389011e-01]
1;2;2;[0.00700998,0.0040202 ,0.9425469 ,0.00493344,0.0414895 ]
1;2;2;[0.00701373,0.00403143,0.94244736,0.0049271 ,0.04158041]
1;2;2;[0.0070138 ,0.00403163,0.9424456 ,0.00492699,0.04158195]
2;4;4;[0.16625285,0.14733343,0.00186442,0.00082984,0.6837195 ]
3;1;4;[1.02040164e-01,2.24197179e-01,8.83114757e-04,1.20197263e-04,6.72759354e-01]
4;4;4;[6.96289539e-03,1.08267166e-01,4.92274587e-04,8.54591519e-07,8.84276807e-01]
5;0;4;[8.7904342e-02,2.6410621e-01,2.5332635e-04,6.2557910e-07,6.4773542e-01]
5;2;4;[1.10820485e-02,5.58849983e-02,3.22534084e-01,7.12918336e-06,6.10491753e-01]
2;4;4;[5.1857526e-03,1.1757774e-01,1.8888194e-03,2.6960129e-06,8.7534499e-01]
3;0;4;[1.1579457e-01,2.0206158e-01,3.8176938e-04,1.1909524e-06,6.8176085e-01]
3;2;2;[4.6229307e-03,1.0511641e-02,7.9623890e-01,1.7814080e-05,1.8860868e-01]
2;4;4;[5.1843654e-03,1.1757573e-01,1.8884798e-03,2.6930845e-06,8.7534875e-01]
3;1;4;[6.2600501e-02,2.1835960e-01,2.6107900e-04,5.8087920e-07,7.1877825e-01]
4;4;4;[1.1010855e-02,3.3145837e-02,7.0793903e-04,7.0602380e-07,9.5513469e-01]
5;0;0;[6.0717112e-01,9.8466597e-02,1.1654005e-03,4.3987663e-07,2.9319638e-01]
5;2;2;[2.5593087e-02,1.8102482e-02,5.8341080e-01,3.2384189e-06,3.7289038e-01]
2;4;4;[5.1824562e-03,1.1757284e-01,1.8880110e-03,2.6890534e-06,8.7535393e-01]
3;0;4;[1.1410751e-01,2.0246875e-01,3.8140066e-04,1.1827377e-06,6.8304116e-01]
3;2;2;[3.1027740e-03,1.6937850e-03,9.5918149e-01,2.6660664e-05,3.5995282e-02]
2;0;4;[0.33140898,0.10201705,0.00087711,0.00074691,0.56495   ]
2;2;2;[8.2433614e-04,5.5245152e-03,9.5765907e-01,3.5792936e-03,3.2412738e-02]
1;2;2;[0.00803132,0.02417753,0.80614036,0.00152754,0.16012327]
2;4;4;[5.1723407e-03,1.1755797e-01,1.8855361e-03,2.6678013e-06,8.7538147e-01]
3;0;4;[1.13451324e-01,2.02428415e-01,3.81206715e-04,1.17491993e-06,6.83737874e-01]
3;2;2;[3.0970590e-03,1.6902041e-03,9.5925915e-01,2.6305941e-05,3.5927359e-02]
2;0;4;[0.20342122,0.15609816,0.00160882,0.00105412,0.6378177 ]
2;2;2;[0.002176  ,0.00129226,0.9606826 ,0.0179369 ,0.01791218]
2;1;4;[9.2750736e-02,6.9533519e-02,1.0857626e-03,1.0663896e-04,8.3652329e-01]
3;4;4;[5.8438885e-03,6.9441691e-02,4.3514904e-04,1.4497767e-06,9.2427784e-01]
4;4;4;[2.7655011e-01,2.2576141e-01,2.5894024e-04,2.1608942e-06,4.9742728e-01]
5;1;4;[1.8279782e-01,2.1566509e-01,1.0071226e-03,1.4463412e-06,6.0052848e-01]
6;4;4;[1.5600116e-02,3.3230480e-02,8.0306799e-04,9.3966122e-07,9.5036536e-01]
7;1;0;[4.8718062e-01,2.2946396e-01,8.3394797e-04,1.0375279e-06,2.8252047e-01]
8;4;4;[5.1518027e-02,7.7704079e-02,8.7408751e-04,4.1133151e-07,8.6990339e-01]
9;1;0;[4.6538267e-01,2.2991844e-01,7.3820056e-04,5.4909151e-07,3.0396023e-01]
10;4;4;[4.5598164e-02,7.3748909e-02,6.7956612e-04,2.7613183e-07,8.7997317e-01]
11;0;0;[6.5330023e-01,1.2969096e-01,4.7765177e-04,2.2861586e-07,2.1653098e-01]
11;2;4;[4.9078051e-02,4.8054915e-02,4.4254759e-01,4.8171014e-06,4.6031463e-01]
2;0;4;[9.2858903e-02,6.4129941e-02,1.0286382e-03,9.6433920e-05,8.4188610e-01]
2;2;2;[4.1278061e-03,1.5513849e-02,6.2035370e-01,4.2027276e-04,3.5958442e-01]
2;0;4;[4.5706800e-01,3.2858945e-02,6.5628916e-04,3.8815232e-04,5.0902861e-01]
2;2;2;[1.8849960e-04,5.3960684e-04,9.9154389e-01,2.1398093e-03,5.5882102e-03]
2;4;4;[3.4503269e-03,3.4091439e-02,9.3516125e-04,3.8276900e-07,9.6152276e-01]
3;0;4;[1.8777759e-01,1.4660023e-01,6.9744163e-04,4.1044095e-07,6.6492432e-01]
3;2;2;[5.0698998e-03,8.9538302e-03,6.3312072e-01,1.2375259e-05,3.5284311e-01]
2;0;4;[0.3662551 ,0.07717398,0.00077363,0.00061478,0.5551825 ]
2;2;2;[0.00386854,0.00345476,0.8681521 ,0.09172741,0.03279723]
2;1;4;[3.3596929e-03,3.6848109e-02,9.7485550e-04,3.7824725e-07,9.5881695e-01]
3;4;4;[4.5731831e-03,1.6204655e-01,4.4274009e-03,1.9690006e-07,8.2895267e-01]
4;1;4;[1.5413550e-01,2.5043505e-01,1.0769439e-03,1.3307412e-07,5.9435230e-01]
5;4;4;[9.8682800e-03,1.0267760e-01,2.3176861e-03,2.1217531e-07,8.8513625e-01]
6;4;4;[2.2616467e-01,3.5843751e-01,7.4044417e-04,1.7371596e-07,4.1465721e-01]
7;1;0;[5.5125666e-01,2.1050896e-01,1.7574654e-03,5.8028775e-07,2.3647635e-01]
8;4;4;[3.6483731e-02,1.1307027e-01,5.6996723e-03,7.4623415e-07,8.4474558e-01]
9;1;4;[3.7786010e-01,2.3249200e-01,9.5486722e-04,3.1165834e-07,3.8869277e-01]
10;4;4;[2.7429270e-02,9.0330601e-02,2.2392587e-03,2.4926999e-07,8.8000065e-01]
11;1;0;[5.3280318e-01,2.2633292e-01,1.3492510e-03,1.9845511e-07,2.3951446e-01]
12;4;4;[5.1983003e-02,1.1429880e-01,2.3328194e-03,1.5091963e-07,8.3138525e-01]
13;4;0;[5.3279871e-01,2.1759532e-01,1.0491778e-03,2.1254674e-07,2.4855658e-01]
14;4;0;[4.8516414e-01,1.7463006e-01,2.7627477e-03,2.9613082e-07,3.3744270e-01]
15;1;0;[4.6178842e-01,2.8876188e-01,2.4614097e-03,4.8914166e-07,2.4698777e-01]
16;4;4;[4.6399310e-02,1.5776019e-01,2.3773452e-03,2.1105288e-07,7.9346299e-01]
17;0;0;[5.1591611e-01,2.0283467e-01,7.8227790e-04,2.1335123e-07,2.8046677e-01]
17;2;2;[2.6899984e-02,2.6698247e-02,8.2934082e-01,5.5520150e-06,1.1705541e-01]
2;4;4;[4.4175062e-01,3.6952723e-02,6.4571918e-04,3.9823775e-04,5.2025270e-01]
3;0;4;[3.6094749e-01,1.2601195e-01,3.1619548e-04,2.2075899e-04,5.1250356e-01]
3;2;2;[0.0025941 ,0.00117717,0.9665392 ,0.01736007,0.01232951]
2;4;4;[5.0085890e-03,1.1719162e-01,1.8371843e-03,2.3461880e-06,8.7596023e-01]
3;0;4;[3.0485538e-01,1.6729467e-01,4.2051880e-04,1.5007234e-06,5.2742797e-01]
3;2;2;[2.5697532e-03,4.7599454e-03,8.7164998e-01,3.7188125e-05,1.2098308e-01]
2;4;4;[5.0069191e-03,1.1718808e-01,1.8366849e-03,2.3431176e-06,8.7596601e-01]
3;0;0;[4.8845541e-01,1.0192561e-01,4.5209235e-04,1.8327881e-06,4.0916505e-01]
3;2;2;[2.1577212e-03,2.8708442e-03,9.2711329e-01,4.9188766e-05,6.7808971e-02]
1;2;2;[0.00786499,0.00888501,0.9062677 ,0.00343727,0.07354492]
1;2;2;[0.00706414,0.00417521,0.94118685,0.00485283,0.04272105]
2;0;4;[9.2927918e-02,7.3294111e-02,1.1286197e-03,1.1404505e-04,8.3253539e-01]
2;2;2;[4.6207095e-03,1.8208934e-02,6.1166728e-01,3.8842150e-04,3.6511466e-01]
2;4;4;[3.3579485e-03,3.7012704e-02,9.7753759e-04,3.7879843e-07,9.5865136e-01]
3;1;4;[4.6223294e-02,9.3389146e-02,5.9093983e-04,1.7547782e-07,8.5979652e-01]
4;4;4;[4.7868709e-03,4.2760439e-02,4.3786076e-04,3.4885534e-08,9.5201480e-01]
5;4;4;[1.7462982e-01,2.1945904e-01,9.9693763e-04,9.3608961e-08,6.0491407e-01]
6;0;0;[4.2345667e-01,2.8731802e-01,1.6246543e-03,1.7385916e-07,2.8760043e-01]
6;2;2;[5.9786048e-03,2.1730235e-03,9.6656871e-01,7.9784577e-06,2.5271691e-02]
2;1;4;[0.20573084,0.15600447,0.00159454,0.0010742 ,0.6355959 ]
3;4;4;[3.9761462e-03,8.8609219e-02,4.5767144e-04,1.8085166e-06,9.0695518e-01]
4;4;4;[1.4344172e-01,2.2408395e-01,2.2875400e-04,2.1153753e-06,6.3224351e-01]
5;0;4;[3.7402651e-01,2.3453733e-01,7.4470014e-04,2.7079757e-06,3.9068875e-01]
5;2;2;[7.4302201e-04,9.0679532e-04,9.8850143e-01,4.2450087e-05,9.8062633e-03]
2;4;4;[3.3572672e-03,3.7072573e-02,9.7854936e-04,3.7900520e-07,9.5859122e-01]
3;4;4;[3.4784135e-01,1.5343019e-01,6.5330748e-04,5.3410281e-07,4.9807471e-01]
4;4;4;[2.3123358e-01,8.0726117e-02,1.5304828e-03,1.4274001e-06,6.8650836e-01]
5;4;4;[2.0712100e-01,1.7073715e-01,1.9344243e-03,2.7148440e-06,6.2020469e-01]
6;0;4;[2.6430321e-01,1.6430490e-01,1.3709744e-03,5.1353741e-06,5.7001579e-01]
6;2;2;[1.0449452e-03,2.4785432e-03,9.7054815e-01,8.4653630e-06,2.5919938e-02]
1;2;2;[7.6458845e-03,4.1159436e-02,7.2496003e-01,5.1640213e-04,2.2571830e-01]
2;4;4;[3.4625793e-03,3.3923995e-02,9.3302992e-04,3.8484492e-07,9.6168005e-01]
3;4;0;[5.8360684e-01,1.0249363e-01,5.5344566e-04,5.4566317e-07,3.1334549e-01]
4;4;0;[7.9954463e-01,8.0366738e-02,8.4941642e-04,9.1138151e-07,1.1923833e-01]
5;0;0;[6.7481011e-01,5.8912732e-02,4.1642867e-04,4.4198205e-06,2.6585624e-01]
5;2;2;[1.52043547e-04,1.68794344e-04,9.96921599e-01,1.51257145e-05,2.74245231e-03]
2;1;4;[3.3470064e-03,3.7836779e-02,9.9325599e-04,3.8228129e-07,9.5782256e-01]
3;4;4;[4.7954414e-03,1.7729113e-01,4.7679706e-03,2.2992992e-07,8.1314522e-01]
4;1;4;[2.6440328e-01,1.9664799e-01,1.1906951e-03,1.3834860e-07,5.3775787e-01]
5;4;4;[1.1228596e-02,8.7140158e-02,1.4593083e-03,1.5154180e-07,9.0017176e-01]
6;0;0;[4.9537379e-01,2.5517529e-01,6.9185044e-04,1.4234645e-07,2.4875888e-01]
6;2;2;[9.0151057e-03,2.2466229e-02,7.6127309e-01,1.3436644e-06,2.0724425e-01]
1;2;2;[7.5646508e-03,2.8730521e-02,7.8257895e-01,5.9394370e-04,1.8053183e-01]
1;2;2;[7.8899814e-03,4.0781554e-02,7.2072005e-01,4.4935272e-04,2.3015900e-01]
1;2;2;[0.00676135,0.00333359,0.9486667 ,0.00538763,0.03585075]
2;0;4;[4.3415046e-01,3.9057564e-02,6.4166531e-04,4.0440270e-04,5.2574599e-01]
2;2;2;[0.00343959,0.00315415,0.8469574 ,0.1173621 ,0.02908675]
1;2;2;[0.00790518,0.00992458,0.89935666,0.00321594,0.07959765]
1;2;2;[0.00705727,0.00415569,0.9413571 ,0.00486254,0.04256739]
1;2;2;[0.00692171,0.0037628 ,0.9448232 ,0.00508986,0.03940246]
2;0;4;[4.6362224e-01,3.1192878e-02,6.6130597e-04,3.8507991e-04,5.0413853e-01]
2;2;2;[1.6616477e-04,4.5680988e-04,9.9229300e-01,2.1206751e-03,4.9633794e-03]
2;0;4;[0.28220567,0.1415504 ,0.00121583,0.00116142,0.57386667]
2;2;2;[0.00372296,0.01538294,0.8753057 ,0.01332044,0.09226789]
1;2;2;[0.00778069,0.00787119,0.91309816,0.00365803,0.06759199]
1;2;2;[0.00717347,0.0044977 ,0.93839294,0.00470081,0.0452351 ]
2;0;4;[0.3788172 ,0.06915694,0.00074057,0.00056923,0.5507161 ]
2;2;2;[4.8066329e-04,2.3662122e-03,9.7635454e-01,3.0542694e-03,1.7744215e-02]
1;2;2;[0.00722397,0.00466727,0.9369903 ,0.00462721,0.04649131]
1;2;2;[0.00734468,0.00513045,0.93327564,0.00444314,0.04980602]
2;1;4;[0.16246818,0.14172617,0.00190091,0.00081132,0.6930934 ]
3;1;4;[3.9085886e-03,8.6005360e-02,7.3292194e-04,2.3256539e-06,9.0935075e-01]
4;4;4;[9.4814561e-03,1.6752787e-01,3.5148547e-03,1.7835280e-05,8.1945801e-01]
5;1;4;[1.1013081e-01,2.9379213e-01,5.8675231e-04,3.2466023e-06,5.9548706e-01]
6;4;4;[1.32537475e-02,1.22153521e-01,1.89171417e-03,1.64413279e-06,8.62699449e-01]
7;1;0;[6.1042482e-01,1.7076534e-01,4.6363924e-04,1.2809182e-06,2.1834499e-01]
8;4;4;[4.9485512e-02,1.1610474e-01,1.0812506e-03,1.8629304e-06,8.3332670e-01]
9;4;0;[4.9485570e-01,2.1612827e-01,3.9268029e-04,1.8701926e-06,2.8862152e-01]
10;4;0;[4.5939279e-01,2.8477088e-01,9.7496010e-04,2.9901196e-06,2.5485837e-01]
11;4;0;[7.60715783e-01,1.06019385e-01,4.52306209e-04,4.32112301e-06,1.32808238e-01]
12;0;0;[6.2088412e-01,1.6605569e-01,2.9093050e-04,7.3460078e-06,2.1276186e-01]
12;2;2;[1.7099025e-02,6.7405906e-03,9.5512152e-01,3.4629984e-04,2.0692574e-02]
2;0;4;[0.26464063,0.14713424,0.00133382,0.00128992,0.5856014 ]
2;2;2;[0.00334643,0.01808668,0.8710181 ,0.00747094,0.10007789]
2;4;4;[5.3627752e-03,2.7452793e-02,8.2551246e-04,1.0020203e-06,9.6635789e-01]
3;4;4;[1.0012060e-01,1.1302914e-01,9.5290109e-04,4.7241505e-07,7.8589684e-01]
4;1;4;[8.5891001e-02,9.1502003e-02,1.5020844e-03,6.5580412e-07,8.2110423e-01]
5;4;4;[1.1408761e-02,3.9230820e-02,3.7165994e-03,5.5912733e-07,9.4564319e-01]
6;0;0;[3.9927700e-01,2.4922235e-01,7.5289555e-04,1.5643234e-07,3.5074759e-01]
6;2;2;[4.2360476e-03,5.0539910e-03,8.8977271e-01,3.7236032e-06,1.0093348e-01]
1;2;2;[0.0079319 ,0.01148568,0.88790506,0.00285902,0.08981841]
1;2;2;[0.00730955,0.00499093,0.9343842 ,0.00449546,0.04881984]
1;2;2;[0.00719688,0.00457126,0.9377701 ,0.00466836,0.04579338]
1;2;2;[0.00790527,0.00992817,0.89933   ,0.00321501,0.07962146]
2;4;4;[4.5460141e-03,2.9443664e-02,8.6699211e-04,6.3291782e-07,9.6514267e-01]
3;0;0;[6.0965967e-01,9.9261560e-02,5.5478566e-04,7.1080581e-07,2.9052329e-01]
3;2;2;[1.2836447e-02,6.7240209e-03,8.5788238e-01,2.2475358e-05,1.2253466e-01]
2;4;4;[3.2971192e-03,5.7524990e-02,1.1785196e-03,4.8884090e-07,9.3799883e-01]
3;1;4;[3.7081620e-01,1.4917995e-01,5.4268149e-04,6.4496436e-07,4.7946060e-01]
4;4;4;[1.0984505e-02,6.6723302e-02,6.7189301e-04,2.6954649e-07,9.2162007e-01]
5;4;0;[4.6325693e-01,1.9296426e-01,4.8231543e-04,3.7000967e-07,3.4329620e-01]
6;0;4;[4.0583321e-01,1.4799744e-01,1.5759737e-03,4.5313553e-07,4.4459292e-01]
6;2;2;[6.4833681e-03,5.8225327e-04,9.8650301e-01,1.0053360e-05,6.4213821e-03]
1;2;2;[0.00800978,0.01850408,0.8395421 ,0.00192122,0.13202284]
1;2;2;[7.3978323e-03,3.0536454e-02,7.6966131e-01,5.0336955e-04,1.9190112e-01]
2;4;4;[0.27564934,0.14384164,0.00126307,0.00121562,0.57803035]
3;4;4;[1.2248080e-01,2.3168625e-01,5.1847502e-04,1.7296952e-04,6.4514154e-01]
4;0;0;[6.5122420e-01,4.9178034e-02,3.5825939e-04,1.2990845e-04,2.9910967e-01]
4;2;2;[2.4552384e-04,3.7120029e-04,9.7759557e-01,1.4730244e-02,7.0574912e-03]
1;2;2;[0.00778387,0.00790728,0.91285133,0.00364949,0.06780803]
1;2;2;[0.00745293,0.03765753,0.7492392 ,0.00075684,0.20489351]
1;2;2;[0.00795767,0.01494065,0.8633239 ,0.00230462,0.11147306]
1;2;2;[0.0069246 ,0.00377099,0.9447505 ,0.00508463,0.03946932]
1;2;2;[0.00750183,0.03699223,0.75231016,0.00080966,0.2023862 ]
2;4;4;[3.2741807e-03,4.6237998e-02,1.0981743e-03,4.1975969e-07,9.4938928e-01]
3;4;4;[2.97921803e-02,1.06598005e-01,5.05368633e-04,1.43797877e-07,8.63104284e-01]
4;1;4;[4.0240478e-02,9.3740299e-02,1.4707150e-03,3.8844485e-07,8.6454809e-01]
5;4;4;[4.5083407e-03,4.1406363e-02,2.4876664e-03,1.9376115e-07,9.5159739e-01]
6;0;4;[1.3686217e-01,2.6531729e-01,8.3596533e-04,8.9974243e-08,5.9698445e-01]
6;2;2;[6.8134591e-03,4.4215959e-03,9.3168133e-01,1.3001438e-06,5.7082303e-02]
2;4;4;[4.0129361e-01,5.6804396e-02,6.9255917e-04,5.0184969e-04,5.4070759e-01]
3;4;4;[2.5284097e-01,1.5048963e-01,4.7455920e-04,2.3858102e-04,5.9595627e-01]
4;1;4;[2.8484264e-01,1.9564818e-01,4.7039462e-04,3.2770136e-04,5.1871109e-01]
5;4;4;[8.4228497e-03,8.5922249e-02,2.2848608e-04,4.2817533e-06,9.0542221e-01]
6;4;4;[1.4612365e-01,3.4859324e-01,3.0834434e-04,3.2899927e-06,5.0497150e-01]
7;0;1;[2.2589973e-01,4.1368935e-01,1.1844866e-03,4.7022186e-06,3.5922173e-01]
7;2;2;[1.2119323e-02,4.0958647e-02,7.0580041e-01,9.6782562e-05,2.4102493e-01]
2;0;4;[9.4436713e-02,5.4510530e-02,9.1711077e-04,8.0956735e-05,8.5005468e-01]
2;2;2;[3.1360078e-03,1.0233269e-02,6.8778545e-01,4.0526589e-04,2.9843998e-01]
2;4;4;[9.2551149e-03,2.6531989e-02,6.3722889e-04,1.5336938e-05,9.6356034e-01]
3;4;0;[8.3123028e-01,3.5781167e-02,5.1136006e-04,2.2265056e-06,1.3247505e-01]
4;0;0;[8.4288329e-01,4.3989658e-02,5.5960892e-04,8.1470307e-06,1.1255937e-01]
4;2;2;[3.8255643e-02,3.3018196e-03,9.1572613e-01,5.7926215e-04,4.2137120e-02]
1;2;2;[7.5329221e-03,3.5650857e-02,7.4061805e-01,4.0638656e-04,2.1579181e-01]
1;2;2;[0.00753347,0.03671424,0.7535332 ,0.00083343,0.20138565]
2;4;4;[3.3365830e-03,3.8770355e-02,1.0106182e-03,3.8658314e-07,9.5688206e-01]
3;4;4;[3.7469193e-02,9.1960266e-02,5.5464258e-04,1.5336738e-07,8.7001574e-01]
4;1;4;[4.0704742e-02,9.2197932e-02,1.3442766e-03,2.8873160e-07,8.6575282e-01]
5;4;4;[4.1418457e-03,4.8482556e-02,1.1054522e-03,6.7884841e-08,9.4627011e-01]
6;1;0;[4.7918823e-01,2.1234030e-01,7.7771099e-04,5.8236491e-08,3.0769363e-01]
7;4;4;[2.4686454e-02,6.5121822e-02,1.2821095e-03,5.6478989e-08,9.0890956e-01]
8;1;0;[5.3805441e-01,1.5907042e-01,8.2573132e-04,7.5479235e-08,3.0204937e-01]
9;4;4;[2.0538324e-02,4.7879100e-02,9.4014494e-04,3.8231033e-08,9.3064243e-01]
10;0;0;[6.1394429e-01,1.3895936e-01,9.7318215e-04,7.5185902e-08,2.4612311e-01]
10;2;2;[9.1286963e-03,8.7743104e-03,8.4410584e-01,4.7272832e-07,1.3799062e-01]
1;2;2;[7.6411152e-03,4.1136663e-02,7.2517937e-01,5.1808264e-04,2.2552481e-01]
1;2;2;[7.5276773e-03,2.9104989e-02,7.7981448e-01,5.7137053e-04,1.8298149e-01]
2;4;4;[4.3705534e-03,2.9958155e-02,8.7654311e-04,5.8676471e-07,9.6479410e-01]
3;0;4;[5.9968147e-02,9.9772893e-02,7.8949815e-04,2.3478657e-07,8.3946925e-01]
3;2;2;[8.5906750e-03,5.5957022e-03,8.2029653e-01,5.1023371e-06,1.6551204e-01]
1;2;2;[7.757170e-03,3.763067e-02,7.309551e-01,4.142353e-04,2.232428e-01]
2;0;4;[4.4820917e-01,3.5255529e-02,6.4972125e-04,3.9322252e-04,5.1549238e-01]
2;2;2;[4.6372911e-04,1.2434735e-03,9.8479456e-01,3.5526890e-03,9.9455779e-03]
1;2;2;[7.5347912e-03,2.9032446e-02,7.8035051e-01,5.7563279e-04,1.8250664e-01]
2;4;4;[3.3837629e-03,3.5598435e-02,9.5549296e-04,3.7614092e-07,9.6006191e-01]
3;0;4;[3.8122278e-02,9.0343893e-02,5.9765362e-04,1.4463542e-07,8.7093598e-01]
3;2;4;[9.1020698e-03,1.8532114e-02,3.3869410e-01,2.1299006e-06,6.3366961e-01]
1;4;2;[7.8403344e-03,3.8666375e-02,7.2642761e-01,4.2225109e-04,2.2664343e-01]
2;0;0;[5.6128573e-01,1.7951789e-01,7.8135394e-03,9.7099648e-05,2.5128576e-01]
2;2;2;[6.3144318e-03,1.7127801e-03,9.7481841e-01,7.7153055e-04,1.6382772e-02]
1;2;2;[0.00731454,0.00501035,0.93422866,0.00448796,0.04895854]
1;2;2;[0.00797146,0.01626749,0.8539148 ,0.00214812,0.11969817]
2;4;4;[3.3837629e-03,3.5598435e-02,9.5549296e-04,3.7614092e-07,9.6006191e-01]
3;0;4;[1.5834492e-01,1.4098240e-01,6.7935180e-04,3.7112613e-07,6.9999295e-01]
3;2;2;[8.3713373e-03,5.0547770e-03,8.5802609e-01,7.1012437e-06,1.2854078e-01]
2;0;4;[9.0450026e-02,2.0158930e-01,2.2533061e-03,4.1167060e-04,7.0529568e-01]
2;2;2;[0.01105796,0.0158614 ,0.8496741 ,0.00658352,0.11682305]
1;4;2;[0.00726627,0.00482468,0.93571854,0.00456162,0.04762891]
2;1;0;[0.5341614 ,0.1255751 ,0.00762498,0.001061  ,0.33157748]
3;4;4;[2.1830685e-02,8.4237061e-02,4.2082779e-03,4.3927579e-05,8.8968003e-01]
4;0;0;[5.9152752e-01,1.7999853e-01,1.4934450e-03,6.5397835e-06,2.2697388e-01]
4;2;2;[6.9421772e-03,1.5798081e-02,8.4411114e-01,3.2714055e-05,1.3311589e-01]
2;4;4;[4.7432450e-03,2.8896492e-02,8.5635396e-04,6.9399408e-07,9.6550328e-01]
3;4;4;[4.0374704e-02,9.7763643e-02,7.9775573e-04,1.8666844e-07,8.6106378e-01]
4;0;4;[2.8746831e-01,2.3247251e-01,1.4444321e-03,5.0147327e-07,4.7861427e-01]
4;2;2;[2.3818524e-03,8.8784605e-04,9.6815765e-01,4.4964119e-05,2.8527623e-02]
2;4;4;[3.5167558e-03,3.3536676e-02,9.2748983e-04,3.9571967e-07,9.6201873e-01]
3;0;4;[1.9805095e-01,1.4658688e-01,7.0862850e-04,4.3073325e-07,6.5465307e-01]
3;2;2;[8.6265607e-03,1.2145103e-02,5.9579039e-01,5.1168763e-06,3.8343281e-01]
2;4;4;[3.6135758e-03,3.2958623e-02,9.1663026e-04,4.1416214e-07,9.6251082e-01]
3;0;4;[2.0195909e-01,1.4558445e-01,7.2032516e-04,4.4582725e-07,6.5173566e-01]
3;2;2;[9.2112264e-03,1.2532579e-02,5.8791220e-01,5.3016247e-06,3.9033860e-01]
2;0;4;[4.5066208e-01,3.4623135e-02,6.5157650e-04,3.9153564e-04,5.1367170e-01]
2;2;2;[1.4089387e-04,3.7044412e-04,9.9054396e-01,3.9709765e-03,4.9737850e-03]
1;2;2;[7.3804115e-03,3.4288675e-02,7.4736297e-01,4.0293601e-04,2.1056505e-01]
1;2;2;[0.00694397,0.0038263 ,0.94426006,0.00504977,0.03991987]
1;2;2;[7.6019075e-03,2.8433857e-02,7.8473479e-01,6.1497046e-04,1.7861439e-01]
2;0;4;[4.1212487e-01,5.0936908e-02,6.6519709e-04,4.6918361e-04,5.3580385e-01]
2;2;2;[2.4342988e-04,8.7265304e-04,9.8539728e-01,4.1851434e-03,9.3015637e-03]
2;0;4;[9.5375843e-02,1.0891270e-01,1.5381195e-03,2.0889506e-04,7.9396439e-01]
2;2;2;[0.01323474,0.01432296,0.7988395 ,0.01180926,0.16179354]
1;2;2;[0.00793664,0.01197857,0.8843307 ,0.00276241,0.09299167]
1;2;2;[7.3630428e-03,3.4005009e-02,7.4888295e-01,4.0732347e-04,2.0934165e-01]
2;0;4;[0.19714753,0.1562823 ,0.0016487 ,0.00100045,0.643921  ]
2;2;2;[0.00211555,0.00120576,0.9632968 ,0.01608215,0.01729971]
2;4;4;[3.3273255e-03,3.9864067e-02,1.0277567e-03,3.9138195e-07,9.5578045e-01]
3;4;4;[4.3530010e-02,9.4108716e-02,5.5535213e-04,1.7634440e-07,8.6180568e-01]
4;0;4;[3.1729460e-01,2.1305513e-01,1.3958159e-03,4.9445487e-07,4.6825397e-01]
4;2;2;[1.5735916e-03,8.7872613e-04,9.6987879e-01,4.4670764e-05,2.7624236e-02]
2;0;4;[0.37837985,0.0694117 ,0.00074156,0.00057066,0.5508963 ]
2;4;2;[4.0959974e-04,1.9408137e-03,9.7830802e-01,3.4854745e-03,1.5855968e-02]
3;0;0;[0.41492593,0.20222652,0.007923  ,0.0005827 ,0.37434185]
3;4;2;[3.8488692e-04,1.0269129e-03,9.8684198e-01,2.3418825e-04,1.1511973e-02]
4;0;0;[0.4924693 ,0.1903915 ,0.05772429,0.00115594,0.25825903]
4;4;2;[5.1884409e-03,3.7988329e-03,9.7178167e-01,3.3387973e-04,1.8897161e-02]
5;0;0;[0.4796782 ,0.20424338,0.14333665,0.00055179,0.17218992]
5;2;2;[9.8745455e-04,1.8691662e-03,9.8146194e-01,1.9904505e-04,1.5482387e-02]
1;2;2;[7.7948566e-03,4.1233264e-02,7.2163248e-01,4.7529797e-04,2.2886410e-01]
1;2;2;[0.00791916,0.01056598,0.8946295 ,0.00305871,0.08382673]
1;2;2;[0.00736396,0.00520876,0.9326573 ,0.00441469,0.05035527]
2;4;4;[4.4551413e-03,2.9708223e-02,8.7234250e-04,6.0850255e-07,9.6496367e-01]
3;0;0;[4.8573688e-01,1.2563159e-01,6.5722415e-04,7.4337254e-07,3.8797349e-01]
3;2;2;[9.7813848e-03,8.8187745e-03,7.4326754e-01,1.3554997e-05,2.3811868e-01]
1;2;2;[7.4284649e-03,3.9182667e-02,7.4151379e-01,6.5962347e-04,2.1121551e-01]
2;4;4;[0.2955681 ,0.13464507,0.00113413,0.00103662,0.56761605]
3;4;4;[1.8092866e-01,1.9171113e-01,3.2497532e-04,1.6933547e-04,6.2686592e-01]
4;4;4;[1.7357191e-01,1.8048245e-01,1.8146909e-04,1.9169040e-04,6.4557248e-01]
5;4;4;[1.5584992e-01,9.5558830e-02,1.3404648e-04,9.5682568e-05,7.4836153e-01]
6;0;4;[1.68596461e-01,1.22026451e-01,1.23381571e-04,1.10952526e-04,7.09142685e-01]
6;2;2;[2.7139194e-03,9.1848715e-04,9.6680015e-01,1.3298827e-02,1.6268507e-02]
1;2;2;[7.8889057e-03,4.0515471e-02,7.2103912e-01,4.4257496e-04,2.3011394e-01]
1;2;2;[0.00719792,0.00457471,0.93774205,0.00466689,0.04581841]
1;2;2;[0.0079414 ,0.01273108,0.8789122 ,0.00262678,0.09778854]
1;2;2;[0.00772601,0.00728406,0.917155  ,0.00380517,0.06402981]
1;2;2;[0.00721664,0.00464051,0.9372073 ,0.00463865,0.04629685]
1;2;2;[7.8894366e-03,4.0645778e-02,7.2088271e-01,4.4588602e-04,2.3013617e-01]
1;2;2;[7.4112127e-03,3.0416116e-02,7.7047378e-01,5.0866889e-04,1.9119018e-01]
2;4;4;[3.4477683e-03,3.4142770e-02,9.3576359e-04,3.8242570e-07,9.6147335e-01]
3;1;4;[5.4951873e-02,9.6053503e-02,6.5475970e-04,1.8681472e-07,8.4833962e-01]
4;1;4;[4.3537472e-03,4.7656126e-02,5.5559742e-04,3.5280369e-08,9.4743454e-01]
5;4;4;[4.9092304e-03,7.6669395e-02,5.2029416e-03,7.3232087e-08,9.1321832e-01]
6;1;4;[2.1853217e-01,2.9267535e-01,1.6831027e-03,5.6707144e-08,4.8710927e-01]
7;4;4;[1.086503e-02,5.593246e-02,1.444029e-03,4.581815e-08,9.317584e-01]
8;1;0;[7.1459669e-01,1.3107282e-01,8.5005478e-04,4.9806662e-08,1.5348040e-01]
9;4;4;[7.13370219e-02,1.00732006e-01,1.94938050e-03,4.65654963e-08,8.25981498e-01]
10;4;0;[5.9422213e-01,2.1173908e-01,9.2004600e-04,5.0201049e-08,1.9311872e-01]
11;0;0;[5.4097861e-01,3.0529734e-01,1.4598923e-03,6.2401682e-08,1.5226407e-01]
11;2;2;[8.9830272e-03,4.9671219e-03,9.6170360e-01,7.3833746e-07,2.4345530e-02]
2;4;4;[3.4158025e-03,6.5719083e-02,1.2478130e-03,5.6395226e-07,9.2961675e-01]
3;0;0;[5.3895354e-01,1.0205470e-01,4.8405121e-04,7.3968914e-07,3.5850689e-01]
3;2;2;[2.0115660e-03,2.2533881e-03,9.1668016e-01,1.5542351e-05,7.9039305e-02]
2;0;4;[0.3295559 ,0.1041855 ,0.0008926 ,0.00075925,0.5646068 ]
2;2;2;[0.00420999,0.00663678,0.8825981 ,0.05562957,0.05092555]
2;1;4;[0.15830724,0.13460025,0.00194858,0.00079108,0.7043528 ]
3;4;4;[4.1059428e-03,3.0809334e-02,3.6518800e-04,3.6003494e-06,9.6471590e-01]
4;1;4;[5.1354654e-02,1.5195601e-01,2.6631416e-04,2.2699880e-06,7.9642081e-01]
5;4;4;[6.4644325e-03,4.6384603e-02,3.4781406e-04,1.8202414e-07,9.4680297e-01]
6;4;4;[3.5067040e-01,2.6113382e-01,2.1720263e-04,4.2032880e-07,3.8797811e-01]
7;4;0;[5.2269137e-01,2.3851100e-01,3.7843140e-04,5.9030123e-07,2.3841865e-01]
8;0;0;[5.1854384e-01,1.8208995e-01,1.6532208e-04,1.5707229e-06,2.9919925e-01]
8;2;2;[2.4590280e-03,4.1665998e-03,9.3521875e-01,5.9435679e-05,5.8096189e-02]
2;0;4;[0.16246818,0.14172617,0.00190091,0.00081132,0.6930934 ]
2;2;2;[1.7579503e-03,6.7490642e-04,9.7215366e-01,1.2631852e-02,1.2781559e-02]
1;2;2;[0.00723845,0.0047206 ,0.9365585 ,0.00460466,0.0468779 ]
2;0;4;[4.2110524e-01,4.4256192e-02,6.4389996e-04,4.2840332e-04,5.3356630e-01]
2;2;2;[0.00365994,0.00365595,0.85209244,0.10782878,0.0327629 ]
2;1;4;[0.16674192,0.14788419,0.00185978,0.00083137,0.6826827 ]
3;1;4;[3.4965046e-03,6.9212541e-02,4.2375707e-04,1.2088782e-06,9.2686599e-01]
4;4;4;[7.7972189e-03,1.6547203e-01,2.3737396e-03,3.4535117e-06,8.2435358e-01]
5;1;4;[1.9519667e-01,2.7513874e-01,6.7332445e-04,6.2219084e-07,5.2899069e-01]
6;4;4;[1.3925413e-02,1.1174608e-01,9.3779626e-04,4.5132811e-07,8.7339026e-01]
7;4;0;[6.7641371e-01,1.3431561e-01,2.3928913e-04,5.9221463e-07,1.8903078e-01]
8;4;0;[6.21754885e-01,1.16216354e-01,9.50056768e-04,1.13653448e-06,2.61077583e-01]
9;0;0;[7.8134477e-01,1.0390297e-01,6.7534769e-04,2.5645238e-06,1.1407436e-01]
9;2;2;[9.2602829e-03,8.0290390e-03,9.6439302e-01,6.5876739e-05,1.8251793e-02]
2;1;4;[9.3856364e-02,5.7707954e-02,9.5544592e-04,8.5679065e-05,8.4739459e-01]
3;4;4;[4.87497123e-03,9.04298499e-02,5.99076622e-04,1.10169085e-05,9.04085100e-01]
4;0;4;[3.3794504e-01,1.9831248e-01,1.9877081e-04,9.3589570e-06,4.6353430e-01]
4;2;2;[4.5055025e-03,2.0602666e-02,7.0052576e-01,1.5777664e-04,2.7420834e-01]
2;4;4;[3.3267213e-03,3.9943755e-02,1.0287953e-03,3.9167952e-07,9.5570034e-01]
3;0;4;[2.8303376e-01,1.6111365e-01,6.3629361e-04,5.1947796e-07,5.5521578e-01]
3;2;2;[7.7615497e-03,3.1970702e-03,9.2450458e-01,1.0299649e-05,6.4526565e-02]
1;2;2;[7.6052239e-03,4.0971406e-02,7.2675872e-01,5.3022831e-04,2.2413443e-01]
1;2;2;[0.00730766,0.00498358,0.9344431 ,0.0044983 ,0.04876733]
1;2;2;[0.00800756,0.01821903,0.84131414,0.00194755,0.13051164]
1;2;2;[0.00747923,0.00570307,0.9287958 ,0.00424823,0.05377357]
1;2;2;[0.00772632,0.00728729,0.91713244,0.00380431,0.06404969]
1;2;2;[7.8019062e-03,3.8127329e-02,7.2868884e-01,4.1765877e-04,2.2496428e-01]
1;2;2;[0.00789057,0.00945413,0.9025621 ,0.00332085,0.07677234]
2;0;4;[9.7158782e-02,1.5442938e-01,1.9394692e-03,3.3478395e-04,7.4613762e-01]
2;2;2;[9.4204340e-03,4.0130511e-02,5.4504704e-01,3.6992744e-04,4.0503213e-01]
2;4;4;[4.8883311e-03,2.8514469e-02,8.5014646e-04,7.5433127e-07,9.6574634e-01]
3;0;4;[2.1322531e-01,1.3032863e-01,8.6762512e-04,6.5839458e-07,6.5557778e-01]
3;2;2;[1.3720608e-02,6.0023270e-03,8.3482975e-01,1.1299902e-05,1.4543596e-01]
1;2;2;[7.8734299e-03,3.9665226e-02,7.2317219e-01,4.3227451e-04,2.2885689e-01]
2;0;4;[0.16005601,0.13759774,0.00192622,0.00079797,0.69962204]
2;2;2;[1.9573523e-03,9.4779278e-04,9.6748650e-01,1.1883591e-02,1.7724790e-02]
1;2;2;[0.00778753,0.00794909,0.9125657 ,0.00363964,0.06805798]
1;2;2;[7.4137771e-03,3.8984075e-02,7.4267125e-01,6.6834065e-04,2.1026257e-01]
2;0;4;[0.2545487 ,0.15062733,0.00137177,0.00132064,0.59213156]
2;2;2;[0.00321427,0.00414735,0.923357  ,0.03093016,0.03835109]
2;4;4;[3.3435284e-03,3.8097594e-02,9.9827349e-04,3.8339732e-07,9.5756024e-01]
3;4;4;[2.7988674e-02,9.5187716e-02,5.5637781e-04,1.1743747e-07,8.7626708e-01]
4;4;4;[3.99135612e-02,1.19859874e-01,1.51609431e-03,3.04326335e-07,8.38710189e-01]
5;4;4;[5.8097437e-02,2.4623762e-01,1.1558185e-03,3.8297648e-07,6.9450873e-01]
6;0;4;[3.5463297e-01,1.3801003e-01,5.7020423e-04,9.1106858e-07,5.0678587e-01]
6;2;2;[2.3501535e-04,5.8044476e-04,9.8744893e-01,4.0166810e-06,1.1731553e-02]
2;4;4;[0.26004124,0.14870274,0.00135185,0.00130471,0.5885994 ]
3;0;4;[4.3904635e-01,4.8844971e-02,3.3012245e-04,6.7483787e-05,5.1171106e-01]
3;2;2;[8.1001315e-04,1.5447104e-03,9.7963905e-01,2.4761169e-03,1.5530206e-02]
1;2;2;[0.00768776,0.00685739,0.9201523 ,0.00392462,0.06137789]
2;0;4;[4.1139320e-01,5.1315881e-02,6.6700799e-04,4.7128205e-04,5.3615260e-01]
2;2;2;[0.0039    ,0.00364126,0.84593   ,0.11370646,0.03282243]
1;2;2;[7.3250425e-03,3.3423629e-02,7.5202936e-01,4.1870386e-04,2.0680331e-01]
2;1;4;[9.5991857e-02,1.2847576e-01,1.7116021e-03,2.6614545e-04,7.7355462e-01]
3;4;4;[4.6980665e-03,1.3958624e-01,6.8915490e-04,4.0571745e-06,8.5502243e-01]
4;4;4;[1.7852275e-01,3.2927835e-01,2.1810266e-04,3.4811576e-06,4.9197727e-01]
5;4;4;[3.5162815e-01,1.9842537e-01,5.8757700e-04,6.4194405e-06,4.4935247e-01]
6;0;0;[4.8559961e-01,1.8798079e-01,1.9361674e-04,1.8607576e-05,3.2620737e-01]
6;2;2;[2.5811887e-04,7.4507727e-04,9.9007457e-01,1.3487284e-04,8.7872976e-03]
2;4;4;[3.8844165e-03,3.1620316e-02,8.9631393e-04,4.7045634e-07,9.6359855e-01]
3;0;4;[7.3016927e-02,1.0373785e-01,7.3955941e-04,2.4898065e-07,8.2250541e-01]
3;2;2;[1.0955056e-02,1.4023111e-02,4.8951495e-01,4.7738677e-06,4.8550218e-01]
1;2;2;[7.6202215e-03,4.1040473e-02,7.2609967e-01,5.2514375e-04,2.2471452e-01]
1;2;2;[0.00786782,0.0089424 ,0.90589184,0.00342508,0.07387287]
2;4;4;[0.1769052 ,0.15467864,0.00177993,0.00085957,0.66577667]
3;0;4;[3.8536775e-01,7.5247303e-02,4.9237098e-04,4.2597519e-05,5.3885001e-01]
3;2;2;[3.7534168e-04,1.0061538e-03,9.8800433e-01,4.0267516e-04,1.0211421e-02]
1;2;2;[7.3685599e-03,3.4090415e-02,7.4842209e-01,4.0568886e-04,2.0971330e-01]
1;2;2;[7.4492176e-03,3.4915745e-02,7.4423337e-01,4.0398163e-04,2.1299767e-01]
2;4;4;[0.17044844,0.1510352 ,0.00183027,0.00084208,0.675844  ]
3;4;0;[5.5646044e-01,4.6984162e-02,5.2179088e-04,3.7718408e-05,3.9599589e-01]
4;0;4;[3.4472287e-01,7.8795679e-02,3.5978336e-04,9.2054957e-05,5.7602960e-01]
4;2;2;[6.9670746e-04,6.4311753e-04,9.9248016e-01,6.9163449e-04,5.4884334e-03]
2;4;4;[3.6450622e-03,3.2778524e-02,9.1317162e-04,4.2015003e-07,9.6266282e-01]
3;1;4;[4.8468985e-02,9.4536386e-02,6.7426322e-04,1.7201583e-07,8.5632020e-01]
4;4;4;[5.0212881e-03,4.1942090e-02,4.5558522e-04,3.3059703e-08,9.5258099e-01]
5;1;4;[1.7130250e-01,2.0760982e-01,9.4414863e-04,8.9193769e-08,6.2014341e-01]
6;4;4;[7.9770815e-03,5.4969601e-02,4.7165004e-04,3.4404160e-08,9.3658167e-01]
7;1;4;[1.3454157e-01,2.2326232e-01,1.4686427e-03,1.2769856e-07,6.4072728e-01]
8;4;4;[9.9988198e-03,1.0090340e-01,2.1215237e-03,2.6119048e-08,8.8697624e-01]
9;1;4;[1.7647670e-01,2.8586063e-01,1.0412557e-03,6.4329150e-08,5.3662139e-01]
10;4;4;[1.1446271e-02,6.5024413e-02,7.3718326e-04,2.2497883e-08,9.2279214e-01]
11;4;4;[1.9014469e-01,2.6427436e-01,1.4932787e-03,8.4979348e-08,5.4408765e-01]
12;0;4;[2.2736070e-01,3.7700272e-01,2.3788130e-03,8.7468159e-08,3.9325768e-01]
12;2;2;[2.1923190e-02,2.7457582e-02,6.9582194e-01,2.2459369e-06,2.5479507e-01]
2;4;4;[3.3652382e-03,3.6371011e-02,9.6697884e-04,3.7660743e-07,9.5929646e-01]
3;1;4;[3.3971112e-02,8.9735113e-02,5.7310122e-04,1.3424884e-07,8.7572056e-01]
4;4;4;[4.0181223e-03,4.0854782e-02,4.3383267e-04,2.5192325e-08,9.5469326e-01]
5;1;4;[1.6525543e-01,2.0161712e-01,8.7144575e-04,6.9380306e-08,6.3225591e-01]
6;4;4;[7.4046003e-03,5.6188494e-02,4.5074997e-04,1.8989191e-08,9.3595612e-01]
7;1;4;[1.2771188e-01,2.1263537e-01,1.0548785e-03,8.7041116e-08,6.5859777e-01]
8;4;4;[8.7398160e-03,9.1591701e-02,1.7674692e-03,1.8386832e-08,8.9790100e-01]
9;1;4;[1.7233953e-01,2.7724949e-01,1.0370944e-03,5.4968940e-08,5.4937381e-01]
10;4;4;[1.1697245e-02,5.5407923e-02,6.4524275e-04,2.3019016e-08,9.3224955e-01]
11;4;4;[1.7216218e-01,2.4160397e-01,1.8212963e-03,8.2095731e-08,5.8441252e-01]
12;0;4;[2.3696050e-01,3.6126271e-01,2.7339228e-03,8.1721168e-08,3.9904279e-01]
12;2;2;[2.4902442e-02,2.5896933e-02,6.9087738e-01,1.8320527e-06,2.5832152e-01]
1;2;2;[0.00738865,0.00531078,0.9318549 ,0.00437844,0.05106729]
1;2;2;[7.8699449e-03,3.9498620e-02,7.2362977e-01,4.3062546e-04,2.2857101e-01]
2;0;4;[4.2919692e-01,4.0462900e-02,6.3891226e-04,4.0837267e-04,5.2929294e-01]
2;2;2;[0.00233118,0.00399898,0.92273676,0.04036466,0.03056843]
2;1;4;[9.3695194e-02,1.8948469e-01,2.1840469e-03,3.9633861e-04,7.1423978e-01]
3;4;4;[4.6970183e-03,1.5617739e-01,6.9284125e-04,1.5751511e-06,8.3843118e-01]
4;0;4;[2.7070776e-01,2.6920155e-01,2.6091764e-04,2.0761358e-06,4.5982775e-01]
4;2;2;[9.2509715e-03,3.6331736e-02,4.8500001e-01,3.6618585e-05,4.6938065e-01]
2;4;4;[6.8929330e-02,1.7038701e-01,2.1165302e-03,3.0541277e-04,7.5826168e-01]
3;0;4;[1.4517611e-01,2.1691182e-01,6.0292339e-04,4.1395662e-04,6.3689518e-01]
3;2;2;[0.00833699,0.00232977,0.8642027 ,0.07566503,0.04946548]
2;0;4;[0.17410584,0.15316649,0.00179981,0.00085331,0.6700746 ]
2;2;2;[1.88807817e-03,9.20102058e-04,9.70315814e-01,1.17183365e-02,1.51576996e-02]
1;2;2;[0.00794985,0.01433449,0.8675103 ,0.00237983,0.10782559]
1;2;2;[7.7735842e-03,4.1229628e-02,7.2204310e-01,4.7957888e-04,2.2847413e-01]
2;1;4;[3.3618638e-03,6.2566064e-02,1.2195833e-03,5.2945927e-07,9.3285197e-01]
3;4;4;[5.0335531e-03,2.3610418e-01,5.0820289e-03,1.1743061e-06,7.5377905e-01]
4;4;4;[1.4910622e-01,2.6739436e-01,9.3478803e-04,3.3673618e-07,5.8256429e-01]
5;1;1;[1.8184228e-01,4.5105901e-01,1.1790923e-03,1.2203238e-06,3.6591834e-01]
6;1;4;[7.9511255e-03,1.0175655e-01,1.0451115e-03,6.8202280e-07,8.8924658e-01]
7;4;4;[2.0977039e-02,2.6383674e-01,1.1529051e-02,1.4068488e-06,7.0365572e-01]
8;0;4;[2.0572028e-01,3.6044902e-01,1.2624905e-03,3.0029631e-07,4.3256783e-01]
8;4;2;[1.0359350e-02,1.2339566e-02,9.2666775e-01,8.9341875e-06,5.0624337e-02]
9;0;0;[4.5448712e-01,3.6943033e-01,2.9558850e-02,1.0478544e-05,1.4651324e-01]
9;2;2;[1.0743245e-03,2.7024357e-03,9.8924083e-01,3.9133770e-06,6.9785421e-03]
1;2;2;[0.00795911,0.01585084,0.85691315,0.00219663,0.11708023]
1;2;2;[0.00794148,0.01274723,0.87879646,0.00262402,0.09789082]
2;4;4;[0.17446585,0.15336318,0.00179693,0.00085443,0.6695196 ]
3;0;4;[2.1894431e-01,1.2843150e-01,5.5278867e-04,6.6461922e-05,6.5200496e-01]
3;2;2;[0.00270938,0.00210402,0.9599002 ,0.00285333,0.03243313]
1;2;2;[7.3430599e-03,3.3697825e-02,7.5054336e-01,4.1327978e-04,2.0800248e-01]
1;2;2;[0.00771307,0.00714628,0.91811836,0.00384234,0.06317996]
1;2;2;[0.00801177,0.01869756,0.83833927,0.00190448,0.1330469 ]
2;4;4;[0.19466572,0.15630595,0.00166513,0.00097953,0.6463837 ]
3;4;4;[2.3931806e-01,1.1938617e-01,4.8472028e-04,6.0304657e-05,6.4075077e-01]
4;4;4;[1.6786714e-01,1.3528997e-01,3.2048573e-04,7.4629555e-05,6.9644779e-01]
5;1;4;[1.3060375e-01,1.6682270e-01,3.5218749e-04,8.2396364e-05,7.0213902e-01]
6;4;4;[8.5744048e-03,1.3029149e-01,3.5035185e-04,3.2511700e-06,8.6078048e-01]
7;0;4;[1.2781213e-01,3.0802089e-01,2.0944327e-04,2.2709864e-06,5.6395525e-01]
7;2;2;[1.2785106e-02,1.3865460e-02,8.7718868e-01,5.5542027e-05,9.6105225e-02]
2;4;4;[0.3284622 ,0.10541749,0.00090158,0.0007669 ,0.5644519 ]
3;4;4;[2.0185433e-01,1.8816361e-01,3.2129267e-04,1.7729528e-04,6.0948342e-01]
4;4;4;[1.8534254e-01,2.2083458e-01,2.9048644e-04,1.9275107e-04,5.9333962e-01]
5;0;4;[1.4485256e-01,1.8252878e-01,2.5171193e-04,9.1795817e-05,6.7227513e-01]
5;2;2;[8.1243791e-04,4.3373080e-03,9.6458191e-01,3.0049687e-04,2.9967917e-02]
2;4;4;[4.5147645e-03,2.9533759e-02,8.6881651e-04,6.2447015e-07,9.6508205e-01]
3;0;4;[3.4285121e-02,9.5439635e-02,7.4225821e-04,1.5426863e-07,8.6953288e-01]
3;2;2;[6.4633181e-03,3.7423477e-03,8.8147336e-01,4.0077507e-06,1.0831703e-01]
2;0;4;[9.5831312e-02,1.2649995e-01,1.6940685e-03,2.6068679e-04,7.7571398e-01]
2;2;2;[8.6610829e-03,3.6090292e-02,5.0838882e-01,4.5662356e-04,4.4640321e-01]
2;4;4;[3.9249440e-03,3.1442288e-02,8.9418795e-04,4.7942967e-07,9.6373814e-01]
3;0;0;[5.1218688e-01,1.2332529e-01,6.1276305e-04,6.2634496e-07,3.6387447e-01]
3;2;2;[1.08145075e-02,7.45991524e-03,8.15433025e-01,1.54400786e-05,1.66277036e-01]
2;4;4;[0.21099919,0.15577544,0.00156375,0.00112045,0.6305412 ]
3;0;4;[3.788331e-01,6.739486e-02,4.222030e-04,4.359736e-05,5.533063e-01]
3;2;2;[3.9575007e-04,7.4134039e-04,9.6433020e-01,1.9162873e-02,1.5369914e-02]
1;2;2;[7.2963089e-03,3.2991387e-02,7.5437945e-01,4.2746405e-04,2.0490545e-01]
2;0;4;[0.29102102,0.13773763,0.00115929,0.00107542,0.56900656]
2;2;2;[0.00349859,0.00357753,0.9007251 ,0.06073166,0.03146714]
1;2;2;[0.00760429,0.00628943,0.9242906 ,0.00407706,0.05773859]
1;2;2;[0.00766519,0.00663973,0.92168874,0.00398262,0.06002377]
1;2;2;[7.5958008e-03,3.6216151e-02,7.3784316e-01,4.0831996e-04,2.1793662e-01]
1;2;2;[0.00769189,0.00690337,0.9198273 ,0.00391121,0.06166627]
2;4;4;[5.2365493e-03,2.7705494e-02,8.3210930e-04,9.2888314e-07,9.6622491e-01]
3;0;4;[4.3388897e-01,1.2890574e-01,7.6083443e-04,1.0150844e-06,4.3644345e-01]
3;2;2;[1.5849186e-02,1.2560507e-02,6.2048036e-01,1.5110289e-05,3.5109484e-01]
1;2;2;[7.9427725e-03,2.7677996e-02,7.8514713e-01,7.0201349e-04,1.7853008e-01]
1;2;2;[7.8771291e-03,4.1198723e-02,7.2050500e-01,4.6044769e-04,2.2995865e-01]
1;2;2;[7.2840322e-03,3.1673882e-02,7.6222670e-01,4.5953941e-04,1.9835593e-01]
1;2;2;[7.8901630e-03,4.0828802e-02,7.2066522e-01,4.5056720e-04,2.3016518e-01]
1;2;2;[0.00792717,0.01109746,0.8907346 ,0.00294002,0.08730076]
1;2;2;[7.3741358e-03,3.4181871e-02,7.4793303e-01,4.0417179e-04,2.1010676e-01]
1;2;2;[7.6666065e-03,4.1258376e-02,7.2400695e-01,5.0917105e-04,2.2655886e-01]
1;2;2;[0.00804182,0.02344899,0.80991375,0.0015706 ,0.15702486]
1;2;2;[0.00774061,0.00743492,0.9161049 ,0.00376583,0.06495363]
1;2;2;[7.6336926e-03,3.6544167e-02,7.3627758e-01,4.0956144e-04,2.1913500e-01]
1;2;2;[0.00772961,0.00732097,0.9168977 ,0.00379544,0.06425638]
1;2;2;[7.7922456e-03,4.1232809e-02,7.2168285e-01,4.7582007e-04,2.2881632e-01]
1;2;2;[7.8760711e-03,3.9791916e-02,7.2282481e-01,4.3352859e-04,2.2907367e-01]
2;4;4;[5.8808490e-03,2.6747119e-02,8.0156885e-04,1.3739116e-06,9.6656913e-01]
3;4;4;[1.5617120e-01,1.2312355e-01,1.0333934e-03,8.1684902e-07,7.1967107e-01]
4;0;0;[6.0250819e-01,1.5191695e-01,1.1561192e-03,7.0259858e-07,2.4441804e-01]
4;2;2;[1.5962820e-03,1.0631239e-03,9.7219718e-01,2.7352808e-05,2.5116034e-02]
1;2;2;[0.00794147,0.01274513,0.8788114 ,0.00262438,0.09787758]
1;2;2;[0.0079354 ,0.01183524,0.88536793,0.00278983,0.09207156]
1;2;2;[7.4475748e-03,3.9450325e-02,7.3983443e-01,6.4605207e-04,2.1262167e-01]
2;4;4;[3.3338349e-03,3.9020438e-02,1.0151670e-03,3.8770702e-07,9.5663023e-01]
3;4;4;[2.2359144e-02,1.0130883e-01,4.7161980e-04,1.0377955e-07,8.7586027e-01]
4;4;4;[4.2265415e-02,9.1065243e-02,1.5636039e-03,4.0950073e-07,8.6510533e-01]
5;0;4;[7.9440892e-02,2.3969588e-01,1.4650002e-03,5.1237714e-07,6.7939770e-01]
5;2;2;[2.9461724e-03,4.0736315e-03,9.0889597e-01,1.3776876e-05,8.4070511e-02]
1;2;2;[0.00803938,0.02366453,0.8087864 ,0.00155773,0.15795189]
1;2;2;[7.7410974e-03,4.1258991e-02,7.2250473e-01,4.8751975e-04,2.2800769e-01]
1;2;2;[0.00804172,0.02350665,0.809606  ,0.00156722,0.15727839]
1;2;2;[7.5112227e-03,3.5460021e-02,7.4156129e-01,4.0575166e-04,2.1506168e-01]
1;2;2;[7.2906925e-03,3.1564906e-02,7.6295131e-01,4.6296124e-04,1.9773014e-01]
1;2;2;[0.00793879,0.01226371,0.8822721 ,0.00270942,0.09481597]
1;2;2;[7.4752290e-03,3.9941631e-02,7.3649961e-01,6.1014411e-04,2.1547346e-01]
2;4;4;[3.3301471e-03,3.9421953e-02,1.0218510e-03,3.8961383e-07,9.5622563e-01]
3;0;4;[2.53685545e-02,1.00462854e-01,5.25088049e-04,1.10625706e-07,8.73643398e-01]
3;2;2;[6.3646515e-03,9.0413196e-03,7.4509102e-01,2.6427783e-06,2.3950033e-01]
1;2;2;[0.00801095,0.01861619,0.83884484,0.00191149,0.13261662]
1;2;2;[0.00790265,0.00975749,0.900597  ,0.00326158,0.07848136]
1;2;2;[0.00920083,0.02558479,0.78185374,0.0011572 ,0.18220343]
1;2;2;[7.8753186e-03,3.9755985e-02,7.2292328e-01,4.3317227e-04,2.2901222e-01]
1;2;2;[7.6178755e-03,4.1029841e-02,7.2620124e-01,5.2592915e-04,2.2462517e-01]
1;2;2;[0.00793557,0.01185386,0.8852331 ,0.00278623,0.0921912 ]
2;4;4;[5.1099607e-03,2.7964076e-02,8.3865382e-04,8.6047265e-07,9.6608645e-01]
3;0;0;[4.9979666e-01,1.2109555e-01,6.8220508e-04,9.3586101e-07,3.7842461e-01]
3;2;2;[1.1743417e-02,1.0274602e-02,6.8785608e-01,1.5997182e-05,2.9010990e-01]
1;2;2;[7.2527551e-03,3.2212768e-02,7.5870043e-01,4.4435984e-04,2.0138972e-01]
2;4;4;[0.22077528,0.15573165,0.00150791,0.0012089 ,0.62077624]
3;0;4;[3.3573782e-01,8.0355048e-02,3.9781781e-04,5.0044695e-05,5.8345926e-01]
3;2;2;[3.1108406e-04,9.5312361e-04,9.8822314e-01,4.6532761e-04,1.0047349e-02]
1;2;2;[7.5972727e-03,4.0932897e-02,7.2712696e-01,5.3304969e-04,2.2380976e-01]
1;4;2;[0.00795504,0.01572398,0.8578352 ,0.00221175,0.1162741 ]
2;0;4;[3.8500056e-01,1.8204457e-01,6.5062786e-03,3.5642867e-04,4.2609224e-01]
2;4;2;[1.2517950e-03,3.0376629e-03,9.7144520e-01,3.5471344e-04,2.3910718e-02]
3;4;0;[5.4412860e-01,2.2437298e-01,3.1008894e-02,2.1559917e-04,2.0027399e-01]
4;4;0;[5.6560671e-01,1.7121333e-01,2.1710783e-02,1.8001566e-04,2.4128912e-01]
5;0;0;[6.1409819e-01,1.5889339e-01,5.6397272e-03,8.6996559e-05,2.2128174e-01]
5;2;2;[0.00613195,0.00191449,0.97206163,0.0038172 ,0.01607477]
1;2;2;[7.6270388e-03,4.1071441e-02,7.2580421e-01,5.2287435e-04,2.2497444e-01]
2;0;4;[9.51069891e-02,1.02018185e-01,1.47149293e-03,1.88295322e-04,8.01215053e-01]
2;2;2;[7.0842975e-03,2.8818449e-02,5.4039276e-01,4.3704006e-04,4.2326751e-01]
2;1;4;[0.21469522,0.1555371 ,0.00154114,0.0011557 ,0.62707084]
3;4;4;[4.0233782e-03,8.9548133e-02,4.5335604e-04,2.0624379e-06,9.0597314e-01]
4;0;4;[8.6311489e-02,2.2203416e-01,1.9784366e-04,1.8434408e-06,6.9145471e-01]
4;2;2;[6.8496815e-03,4.0666968e-02,5.0983989e-01,1.4976016e-05,4.4262853e-01]
1;2;2;[7.7819652e-03,4.1231081e-02,7.2188127e-01,4.7788591e-04,2.2862791e-01]
1;2;2;[7.4492176e-03,3.4915745e-02,7.4423337e-01,4.0398163e-04,2.1299767e-01]
1;2;2;[7.3352344e-03,3.1027963e-02,7.6648593e-01,4.8201089e-04,1.9466895e-01]
