prefix_length;ground_truth;predicted;prediction_probs
2;3;3;[3.1661833e-04,1.8023144e-02,6.4956825e-03,9.3752927e-01,3.7635226e-02]
2;3;3;[2.8787067e-04,1.8264554e-02,6.0629384e-03,9.4036734e-01,3.5017256e-02]
2;3;3;[4.8207602e-04,1.6939269e-02,8.7680118e-03,9.2227656e-01,5.1534019e-02]
2;4;4;[0.00067583,0.33119765,0.08296252,0.00326216,0.58190185]
3;4;4;[2.4284932e-04,4.0606421e-01,5.1377092e-02,2.8834618e-03,5.3943241e-01]
4;1;4;[1.9815184e-04,4.0506342e-01,5.3405449e-02,3.4007581e-03,5.3793216e-01]
5;3;3;[9.5914038e-05,5.5800863e-03,2.3385931e-03,9.5580041e-01,3.6184944e-02]
2;4;4;[0.0022626 ,0.16631182,0.18015087,0.00400017,0.64727455]
3;1;4;[0.0009373 ,0.18310542,0.09280276,0.0020988 ,0.72105575]
4;3;3;[2.0134207e-04,9.2482306e-03,4.7723362e-03,9.5554018e-01,3.0237937e-02]
2;3;3;[4.0890288e-04,1.7383425e-02,7.8133764e-03,9.2877370e-01,4.5620576e-02]
2;4;4;[5.5453874e-04,3.7900005e-03,4.4949546e-02,1.3117009e-03,9.4939423e-01]
3;4;4;[3.9988890e-04,2.4633224e-01,1.4022492e-01,1.4228873e-03,6.1162007e-01]
4;4;4;[4.90677659e-04,1.93424478e-01,1.13563396e-01,2.75100372e-03,6.89770520e-01]
5;4;1;[3.8730359e-04,4.5117897e-01,9.9123329e-02,4.0263315e-03,4.4528407e-01]
6;4;4;[3.1524099e-04,3.2314003e-01,9.3371198e-02,3.3529398e-03,5.7982057e-01]
7;2;4;[3.0157896e-04,3.1638598e-01,9.3420461e-02,3.3607553e-03,5.8653128e-01]
8;4;4;[1.9836146e-04,1.3745438e-02,4.7607981e-02,6.5149176e-03,9.3193322e-01]
9;4;4;[2.6603340e-04,8.7492704e-02,1.6814543e-01,2.3763590e-03,7.4171942e-01]
10;4;4;[3.4416519e-04,1.1282247e-01,1.6466080e-01,4.1368748e-03,7.1803564e-01]
11;4;4;[3.7315011e-04,1.1866520e-01,1.6170989e-01,4.6547712e-03,7.1459699e-01]
12;2;4;[3.6332977e-04,1.3083908e-01,1.5659219e-01,4.3335184e-03,7.0787191e-01]
13;4;4;[2.1400745e-04,2.5997706e-02,6.8473868e-02,4.9934308e-03,9.0032101e-01]
14;4;4;[2.0655255e-04,1.6650824e-01,1.5300377e-01,2.4868813e-03,6.7779452e-01]
15;1;4;[2.2851327e-04,2.0019288e-01,1.3007708e-01,3.5366390e-03,6.6596484e-01]
16;3;3;[3.1638119e-04,1.8117882e-02,1.8558664e-02,7.6152170e-01,2.0148531e-01]
2;1;1;[0.00058103,0.5128146 ,0.19508213,0.00372497,0.28779724]
3;3;3;[2.1284856e-04,1.3183283e-02,7.1072434e-03,9.5231545e-01,2.7181091e-02]
2;3;3;[3.4519957e-04,1.7803879e-02,6.9149067e-03,9.3476021e-01,4.0175840e-02]
2;3;3;[4.1585011e-04,1.7334605e-02,7.9085287e-03,9.2814201e-01,4.6198893e-02]
2;3;3;[3.4832745e-04,1.7780995e-02,6.9601908e-03,9.3445933e-01,4.0451169e-02]
2;4;4;[0.00061174,0.35348186,0.07717618,0.00329834,0.56543195]
3;4;4;[4.3687996e-04,2.2308604e-01,6.8839341e-02,2.7400996e-03,7.0489770e-01]
4;1;4;[2.9211873e-04,3.7819415e-01,5.9679341e-02,3.3208672e-03,5.5851352e-01]
5;3;3;[5.9227845e-05,6.1300821e-03,2.0872729e-03,9.7414058e-01,1.7582839e-02]
2;3;3;[2.5426797e-04,1.8578621e-02,5.5413302e-03,9.4375271e-01,3.1873159e-02]
2;1;4;[0.00146449,0.21290247,0.13661158,0.00360465,0.64541686]
3;3;3;[2.0355532e-04,9.5769009e-03,4.5884042e-03,9.5438057e-01,3.1250671e-02]
2;4;4;[0.00272912,0.14255305,0.2020845 ,0.00425629,0.648377  ]
3;4;4;[0.0006094 ,0.36160636,0.06920786,0.00259935,0.56597704]
4;1;4;[6.5386784e-04,2.0997533e-01,7.5693853e-02,3.3733700e-03,7.1030354e-01]
5;3;3;[2.5241991e-04,1.0279686e-02,5.3078337e-03,9.4768935e-01,3.6470760e-02]
2;4;4;[3.8759512e-04,3.8900767e-03,4.1533027e-02,1.4034070e-03,9.5278591e-01]
3;2;4;[4.2295715e-04,3.7980244e-02,1.1159323e-01,7.2331808e-04,8.4928030e-01]
4;4;4;[3.2071082e-04,6.1165583e-03,5.5153165e-02,1.2511321e-03,9.3715841e-01]
5;1;4;[3.8392024e-04,1.9280778e-01,1.6812935e-01,1.6393514e-03,6.3703954e-01]
6;3;3;[1.5455335e-04,2.0853844e-02,1.1175732e-02,9.1518772e-01,5.2628059e-02]
2;3;3;[3.2292728e-04,1.7973229e-02,6.5891212e-03,9.3691391e-01,3.8200848e-02]
2;1;4;[5.2014960e-04,4.0246180e-01,6.8231456e-02,3.4428451e-03,5.2534384e-01]
3;3;3;[1.3504042e-04,7.7841310e-03,3.5342702e-03,9.5695293e-01,3.1593699e-02]
2;3;3;[0.00413736,0.01690843,0.04071846,0.7087855 ,0.2294502 ]
2;3;3;[7.7696657e-04,1.5817013e-02,1.2147604e-02,8.9757484e-01,7.3683575e-02]
2;3;3;[2.9644428e-04,1.8190328e-02,6.1932397e-03,9.3951541e-01,3.5804618e-02]
2;4;4;[4.7820635e-04,3.5573579e-03,4.1916281e-02,1.3126462e-03,9.5273548e-01]
3;4;4;[3.3617092e-04,2.5740087e-01,1.3188675e-01,1.3786077e-03,6.0899758e-01]
4;2;4;[4.2814208e-04,1.9253854e-01,1.0459053e-01,2.7843472e-03,6.9965845e-01]
5;4;4;[2.3759916e-04,2.0969713e-02,6.6327155e-02,4.1959006e-03,9.0826970e-01]
6;4;4;[3.2082776e-04,1.0651450e-01,1.6801871e-01,1.9400715e-03,7.2320586e-01]
7;4;4;[4.3335502e-04,1.2523273e-01,1.7536725e-01,3.2889794e-03,6.9567770e-01]
8;2;4;[5.5737718e-04,1.6462232e-01,1.9569224e-01,5.1528737e-03,6.3397515e-01]
9;4;4;[3.6264007e-04,2.1774998e-02,9.7567752e-02,4.1513299e-03,8.7614322e-01]
10;4;4;[4.52997832e-04,1.04625486e-01,2.52602845e-01,3.04985931e-03,6.39268816e-01]
11;1;4;[3.9973226e-04,2.4929912e-01,1.7006260e-01,3.3867331e-03,5.7685184e-01]
12;3;3;[1.4501288e-04,2.3026071e-02,1.2380085e-02,9.0259093e-01,6.1857894e-02]
2;3;3;[0.00405885,0.01677348,0.04006054,0.71240187,0.22670531]
2;3;3;[0.00320294,0.01536615,0.03293248,0.7529563 ,0.19554226]
2;4;4;[6.1052281e-04,4.0959539e-03,4.8082478e-02,1.3512683e-03,9.4585979e-01]
3;2;4;[4.6206269e-04,2.2133796e-01,1.4983350e-01,1.4149066e-03,6.2695158e-01]
4;4;4;[3.4383056e-04,1.8599121e-02,7.0082091e-02,4.5252237e-03,9.0644979e-01]
5;4;4;[4.2954844e-04,8.3223499e-02,1.9356184e-01,1.7217514e-03,7.2106344e-01]
6;4;4;[4.0229812e-04,2.2841658e-01,1.4492330e-01,3.4517350e-03,6.2280613e-01]
7;1;4;[4.5277126e-04,1.7592932e-01,1.3399132e-01,4.0724785e-03,6.8555409e-01]
8;3;3;[1.8958926e-04,2.0063298e-02,1.1836624e-02,8.9657503e-01,7.1335390e-02]
2;3;3;[3.6219860e-04,1.7682083e-02,7.1597472e-03,9.3312883e-01,4.1667134e-02]
2;4;4;[0.00278956,0.01184327,0.19636999,0.0039757 ,0.7850214 ]
3;1;4;[0.00078205,0.2629916 ,0.2560787 ,0.00199856,0.47814912]
4;3;3;[1.6606113e-04,1.5910346e-02,8.7307934e-03,9.5069969e-01,2.4493117e-02]
2;2;4;[0.00122759,0.276924  ,0.29924694,0.00310526,0.4194962 ]
3;4;4;[4.8921473e-04,1.6643524e-02,9.3869530e-02,4.0996210e-03,8.8489819e-01]
4;1;4;[6.1322429e-04,1.3091849e-01,2.5074136e-01,1.7609824e-03,6.1596596e-01]
5;3;3;[0.0011184 ,0.0289403 ,0.05340172,0.67351365,0.24302593]
2;1;4;[0.00214388,0.17219292,0.17412451,0.0039289 ,0.64760983]
3;3;3;[2.3674623e-04,1.1604203e-02,4.9172104e-03,9.5324212e-01,2.9999699e-02]
2;3;3;[3.8924962e-04,1.7505165e-02,7.5410423e-03,9.3059254e-01,4.3971926e-02]
2;3;3;[0.00210018,0.01476957,0.02379761,0.81076205,0.14857055]
2;1;4;[0.00111831,0.24786985,0.11641031,0.00342117,0.63118035]
3;4;3;[8.28267424e-04,8.99222866e-03,1.04002208e-02,8.74586701e-01,1.05192594e-01]
4;1;4;[0.00060859,0.38304362,0.17459476,0.02465627,0.41709673]
5;3;3;[1.5833913e-04,7.1235253e-03,3.6980568e-03,9.6486193e-01,2.4158273e-02]
2;3;3;[0.00293523,0.01507035,0.03057599,0.76728666,0.18413168]
2;1;4;[4.3209788e-04,4.6356067e-01,5.9265852e-02,3.6339837e-03,4.7310737e-01]
3;3;3;[7.4355878e-05,7.7354242e-03,2.4500776e-03,9.6915025e-01,2.0589856e-02]
2;3;3;[3.0440456e-04,1.8123118e-02,6.3132495e-03,9.3872869e-01,3.6530554e-02]
2;3;3;[7.17077928e-04,1.59697141e-02,1.15252705e-02,9.02275145e-01,6.95128068e-02]
2;4;4;[4.6921696e-04,3.5698356e-03,4.1740283e-02,1.3235073e-03,9.5289713e-01]
3;4;4;[4.88624617e-04,4.58606035e-02,1.14578515e-01,7.36527261e-04,8.38335752e-01]
4;2;4;[6.0391927e-04,7.0477903e-02,1.1798103e-01,1.4357691e-03,8.0950141e-01]
5;4;4;[2.953778e-04,8.034146e-03,5.552536e-02,2.273682e-03,9.338715e-01]
6;4;4;[3.7000596e-04,9.9203430e-02,1.5826170e-01,1.2383906e-03,7.4092644e-01]
7;4;4;[4.028331e-04,1.984239e-01,1.367454e-01,2.668522e-03,6.617593e-01]
8;4;4;[5.1187928e-04,1.8990733e-01,1.3150233e-01,3.3375316e-03,6.7474091e-01]
9;4;4;[5.8739696e-04,1.3729228e-01,1.4877543e-01,3.2970698e-03,7.1004790e-01]
10;1;4;[6.8237551e-04,1.3279359e-01,1.7059329e-01,4.1080476e-03,6.9182271e-01]
11;3;3;[1.7925077e-04,1.8220350e-02,7.4201650e-03,9.3551993e-01,3.8660299e-02]
2;2;4;[0.00243093,0.15703441,0.18796252,0.00410581,0.6484663 ]
3;4;4;[4.0765890e-04,4.1926978e-03,4.2872723e-02,1.3278764e-03,9.5119900e-01]
4;1;4;[5.4417149e-04,2.8373796e-02,1.2969548e-01,8.7085419e-04,8.4051567e-01]
5;3;4;[0.00151444,0.02104426,0.05315288,0.4120812 ,0.5122072 ]
2;3;3;[3.6550721e-04,1.7659802e-02,7.2067706e-03,9.3281668e-01,4.1951258e-02]
2;3;3;[7.3146279e-04,1.5919581e-02,1.1680079e-02,9.0112776e-01,7.0541084e-02]
2;4;4;[4.6962980e-04,3.5688796e-03,4.1745726e-02,1.3229006e-03,9.5289284e-01]
3;1;4;[3.3179336e-04,2.5190714e-01,1.3147785e-01,1.3589405e-03,6.1492431e-01]
4;3;3;[3.87763022e-04,1.77984890e-02,1.27860736e-02,8.61811996e-01,1.07215665e-01]
2;2;4;[0.00056423,0.37680855,0.07264621,0.00336642,0.5466146 ]
3;4;4;[2.1149835e-04,8.3718505e-03,3.2707378e-02,4.6300553e-03,9.5407921e-01]
4;2;4;[3.0024475e-04,5.9702035e-02,1.4261566e-01,1.5970223e-03,7.9578501e-01]
5;4;4;[2.4814834e-04,1.1799210e-02,6.5976284e-02,2.1875782e-03,9.1978878e-01]
6;4;4;[3.1620855e-04,5.8313441e-02,1.6478002e-01,1.7839165e-03,7.7480638e-01]
7;1;4;[3.4220939e-04,6.7033470e-02,1.4333904e-01,2.3439466e-03,7.8694135e-01]
8;3;3;[2.6873540e-04,5.1948223e-02,2.6852241e-02,7.4847007e-01,1.7246069e-01]
2;4;4;[5.4601009e-04,3.7471708e-03,4.4492617e-02,1.3066903e-03,9.4990754e-01]
3;4;4;[5.56246552e-04,5.25343753e-02,1.21148854e-01,7.78882124e-04,8.24981630e-01]
4;4;4;[6.8104215e-04,7.5104721e-02,1.2262609e-01,1.4596240e-03,8.0012852e-01]
5;1;1;[3.2680310e-04,6.2676823e-01,6.7539111e-02,3.7525592e-03,3.0161327e-01]
6;3;3;[1.1649379e-04,7.1681640e-03,3.4714369e-03,9.6014637e-01,2.9097533e-02]
2;3;3;[0.00360766,0.01600545,0.03636696,0.73313504,0.21088491]
2;3;3;[0.00354867,0.01590392,0.03587493,0.7358868 ,0.2087857 ]
2;3;3;[3.4178450e-04,1.7829193e-02,6.8653477e-03,9.3508852e-01,3.9875157e-02]
2;4;4;[5.8818300e-04,3.9685434e-03,4.6820704e-02,1.3336859e-03,9.4728893e-01]
3;4;4;[4.4878229e-04,2.1567357e-01,1.4642364e-01,1.3813806e-03,6.3607270e-01]
4;4;4;[4.0418035e-04,3.2402241e-01,1.2701251e-01,3.2666754e-03,5.4529423e-01]
5;1;4;[4.2429220e-04,3.1975055e-01,1.1480110e-01,3.4122863e-03,5.6161177e-01]
6;3;3;[3.1943602e-04,1.1218148e-02,1.0021059e-02,9.0586323e-01,7.2578132e-02]
2;1;4;[0.00241589,0.15787622,0.18728006,0.0040975 ,0.64833033]
3;3;3;[0.00249365,0.01367203,0.02758188,0.76430434,0.19194815]
2;1;4;[0.00214787,0.17200905,0.17433318,0.0039308 ,0.64757913]
3;3;3;[2.3492056e-04,1.1635496e-02,4.8884642e-03,9.5347261e-01,2.9768573e-02]
2;1;4;[0.00200799,0.17851737,0.16710033,0.00385732,0.64851695]
3;3;3;[0.00089908,0.01011252,0.01280204,0.8819628 ,0.09422354]
2;3;3;[4.2135754e-04,1.7295647e-02,7.9835979e-03,9.2764384e-01,4.6655603e-02]
2;3;3;[4.9466023e-04,1.6876748e-02,8.9245373e-03,9.2116982e-01,5.2534293e-02]
2;4;4;[0.00136596,0.22102156,0.13096109,0.00355422,0.64309716]
3;1;4;[3.0051137e-04,4.6791399e-01,4.9824610e-02,2.8327764e-03,4.7912803e-01]
4;3;3;[9.0868809e-05,6.7076944e-03,2.3475059e-03,9.6889079e-01,2.1963093e-02]
2;4;4;[7.0253701e-04,4.7249300e-03,5.3575236e-02,1.4154603e-03,9.3958181e-01]
3;1;4;[6.8362569e-04,8.2372665e-02,1.5359563e-01,9.9673588e-04,7.6235139e-01]
4;3;3;[2.1745107e-04,2.2723246e-02,1.2376939e-02,9.2095226e-01,4.3730147e-02]
2;4;4;[4.7019072e-04,3.5675296e-03,4.1752610e-02,1.3220528e-03,9.5288759e-01]
3;4;4;[4.8505841e-04,2.2966519e-02,1.0881607e-01,6.9479743e-04,8.6703753e-01]
4;1;4;[6.65597967e-04,4.45506945e-02,1.19138695e-01,1.47812092e-03,8.34166944e-01]
5;4;4;[0.00166571,0.01565922,0.05050194,0.3904357 ,0.54173744]
6;1;4;[0.00104397,0.07521024,0.20592387,0.01342381,0.7043981 ]
7;3;3;[2.8688976e-04,2.3829291e-02,1.5208907e-02,8.7040198e-01,9.0272881e-02]
2;4;4;[3.0478073e-04,5.4040323e-03,4.3921798e-02,1.7522017e-03,9.4861722e-01]
3;2;4;[3.2895908e-04,5.9276849e-02,1.1606583e-01,8.9306408e-04,8.2343531e-01]
4;4;4;[2.4222220e-04,7.6649254e-03,5.6145296e-02,1.4223547e-03,9.3452513e-01]
5;2;4;[4.0729501e-04,5.2483983e-02,1.7175452e-01,1.2582060e-03,7.7409595e-01]
6;4;4;[3.1193806e-04,9.0231290e-03,7.0893116e-02,1.5994748e-03,9.1817236e-01]
7;4;4;[4.3544971e-04,5.8178637e-02,1.7912190e-01,1.3758778e-03,7.6088810e-01]
8;1;4;[3.6891806e-04,2.9995275e-01,1.3683182e-01,2.9332589e-03,5.5991328e-01]
9;3;3;[1.4910997e-04,1.9461010e-02,1.2986307e-02,8.9252728e-01,7.4876219e-02]
2;3;3;[2.6505772e-04,1.8472759e-02,5.7107178e-03,9.4265854e-01,3.2892913e-02]
2;4;4;[6.1894499e-04,4.1473121e-03,4.8570901e-02,1.3578369e-03,9.4530499e-01]
3;2;4;[6.3777558e-04,5.6431841e-02,1.3514538e-01,8.4454275e-04,8.0694050e-01]
4;4;4;[4.5207827e-04,7.6974374e-03,6.2013663e-02,1.2994779e-03,9.2853737e-01]
5;2;4;[4.1802638e-04,3.4525940e-01,1.7737702e-01,2.0387918e-03,4.7490683e-01]
6;4;4;[3.5196586e-04,2.5437469e-02,7.1981832e-02,6.2290295e-03,8.9599967e-01]
7;4;4;[4.4354450e-04,2.3016867e-01,2.1807918e-01,2.2344748e-03,5.4907411e-01]
8;2;4;[5.3271878e-04,1.9580808e-01,1.8258405e-01,3.3938740e-03,6.1768126e-01]
9;4;4;[3.0136242e-04,2.3501106e-02,8.9582838e-02,4.3733027e-03,8.8224143e-01]
10;2;4;[2.8995570e-04,2.2027291e-01,1.8657549e-01,1.8552952e-03,5.9100634e-01]
11;4;4;[2.6920377e-04,2.0498626e-02,7.5780101e-02,4.2449436e-03,8.9920712e-01]
12;4;4;[3.7915527e-04,2.2128054e-01,2.2012669e-01,2.1981276e-03,5.5601543e-01]
13;1;4;[4.7038280e-04,1.7369211e-01,1.8343806e-01,3.2626728e-03,6.3913679e-01]
14;3;3;[0.00085187,0.03698048,0.04483723,0.61602604,0.30130443]
2;1;4;[0.00203874,0.17707922,0.1687123 ,0.0038739 ,0.6482958 ]
3;3;3;[4.2843865e-04,1.0092930e-02,7.5920522e-03,9.3004912e-01,5.1837355e-02]
2;3;3;[0.00301383,0.01513415,0.03125047,0.76319164,0.18740992]
2;3;3;[6.4636098e-04,1.6231935e-02,1.0732477e-02,9.0813172e-01,6.4257532e-02]
2;3;3;[4.6558931e-04,1.7027298e-02,8.5609546e-03,9.2371196e-01,5.0234146e-02]
2;1;1;[0.00061046,0.49813682,0.20065834,0.00370621,0.2968882 ]
3;3;3;[1.9452960e-04,1.2819709e-02,7.3022456e-03,9.5368582e-01,2.5997803e-02]
2;2;4;[0.00125601,0.23177148,0.12482793,0.00349811,0.6386464 ]
3;4;4;[1.9214263e-04,7.4974666e-03,4.0532559e-02,2.6288819e-03,9.4914895e-01]
4;4;4;[2.5652736e-04,1.1543633e-01,1.3373873e-01,1.4004738e-03,7.4916792e-01]
5;2;4;[3.1639260e-04,1.7433609e-01,1.2265451e-01,2.7559949e-03,6.9993705e-01]
6;4;4;[2.1810136e-04,9.3100779e-03,5.0860275e-02,4.1117794e-03,9.3549979e-01]
7;1;4;[3.0653772e-04,1.5959685e-01,1.8414818e-01,1.9361089e-03,6.5401232e-01]
8;3;3;[5.1695504e-04,1.9968117e-02,2.3566153e-02,7.3142785e-01,2.2452089e-01]
2;4;4;[6.0963706e-04,4.0907362e-03,4.8032820e-02,1.3505958e-03,9.4591618e-01]
3;1;4;[3.7199154e-04,3.3729023e-01,1.4246589e-01,1.6424961e-03,5.1822937e-01]
4;3;3;[3.129757e-04,1.778828e-02,1.078953e-02,9.003220e-01,7.078711e-02]
2;3;3;[2.6623023e-04,1.8461656e-02,5.7290220e-03,9.4253999e-01,3.3003155e-02]
2;3;3;[6.8466784e-04,1.6087901e-02,1.1165401e-02,9.0494370e-01,6.7118272e-02]
2;4;4;[4.5860701e-04,3.5858450e-03,4.1591562e-02,1.3327115e-03,9.5303130e-01]
3;4;4;[3.3860482e-04,2.2503327e-01,1.3156800e-01,1.3002660e-03,6.4175993e-01]
4;2;4;[4.1964278e-04,2.0440233e-01,1.1187002e-01,2.8795099e-03,6.8042845e-01]
5;4;4;[2.5592771e-04,1.3926039e-02,5.8296092e-02,3.0082064e-03,9.2451376e-01]
6;2;4;[4.24594706e-04,1.04369596e-01,2.04293326e-01,1.94037834e-03,6.88972116e-01]
7;4;4;[2.8078794e-04,2.1143254e-02,7.7754423e-02,3.4325304e-03,8.9738894e-01]
8;2;4;[2.4646157e-04,2.5809920e-01,1.6140233e-01,1.8526305e-03,5.7839936e-01]
9;4;4;[2.0953240e-04,2.0308977e-02,6.4313866e-02,5.1656310e-03,9.1000205e-01]
10;4;4;[2.9620851e-04,1.9702141e-01,1.9891177e-01,1.9996669e-03,6.0177100e-01]
11;2;4;[3.9669426e-04,1.6503419e-01,1.7296927e-01,3.3348226e-03,6.5826505e-01]
12;4;4;[2.4541275e-04,2.3568435e-02,8.3671860e-02,4.5065023e-03,8.8800776e-01]
13;4;4;[3.0660201e-04,1.4573644e-01,1.9097880e-01,2.1072719e-03,6.6087085e-01]
14;2;4;[3.0596470e-04,2.8287446e-01,1.5027900e-01,3.2864893e-03,5.6325406e-01]
15;4;4;[2.2895847e-04,1.5822908e-02,6.3465282e-02,6.4275670e-03,9.1405529e-01]
16;4;4;[3.3003619e-04,1.4300334e-01,2.1772888e-01,2.2831927e-03,6.3665456e-01]
17;4;4;[3.7679795e-04,1.6035710e-01,1.9126372e-01,3.4188090e-03,6.4458358e-01]
18;1;4;[3.2934063e-04,3.2943645e-01,1.3350661e-01,3.9919792e-03,5.3273565e-01]
19;3;3;[2.2349630e-04,1.3765270e-02,1.2296805e-02,8.5900497e-01,1.1470950e-01]
2;4;4;[0.00249479,0.15346357,0.19088717,0.004139  ,0.6490155 ]
3;1;4;[4.9841747e-04,4.1904750e-01,6.0946897e-02,2.7218421e-03,5.1678538e-01]
4;4;3;[1.9089376e-04,5.8735255e-03,2.9290679e-03,9.5833403e-01,3.2672551e-02]
5;1;4;[0.00058232,0.3181672 ,0.17349836,0.04768151,0.46007055]
6;3;3;[1.0351819e-04,9.6771792e-03,3.4867011e-03,9.6779603e-01,1.8936489e-02]
2;4;4;[6.7621394e-04,4.5386148e-03,5.1997479e-02,1.3978598e-03,9.4138980e-01]
3;1;4;[5.8865664e-04,1.3471748e-01,1.5652829e-01,1.1723120e-03,7.0699328e-01]
4;3;3;[0.00111583,0.02502958,0.03547277,0.69848955,0.23989229]
2;4;4;[6.5159751e-04,4.3665976e-03,5.0538123e-02,1.3809021e-03,9.4306284e-01]
3;4;4;[5.3377938e-04,1.7206113e-01,1.5545087e-01,1.2969784e-03,6.7065722e-01]
4;4;4;[5.9044850e-04,1.8240587e-01,1.3571177e-01,2.4993964e-03,6.7879248e-01]
5;4;4;[0.00070528,0.18551528,0.13838755,0.00299889,0.67239296]
6;1;4;[4.3556490e-04,3.8759014e-01,9.9297285e-02,3.4318217e-03,5.0924516e-01]
7;3;3;[7.3295290e-05,8.9465147e-03,3.8812298e-03,9.6818841e-01,1.8910497e-02]
2;3;3;[3.1657628e-04,1.8023510e-02,6.4950581e-03,9.3753350e-01,3.7631430e-02]
2;3;3;[3.5251002e-04,1.7750803e-02,7.0205992e-03,9.3405700e-01,4.0819090e-02]
2;4;4;[0.00204277,0.17689271,0.16892117,0.003876  ,0.6482673 ]
3;4;4;[5.3598086e-04,3.0795220e-01,6.6044547e-02,2.3523523e-03,6.2311494e-01]
4;1;4;[3.851933e-04,3.049921e-01,6.697130e-02,2.751997e-03,6.248994e-01]
5;3;3;[1.2258915e-04,7.8349868e-03,3.5553291e-03,9.6195275e-01,2.6534332e-02]
2;3;3;[0.00353825,0.01588585,0.03578787,0.7363747 ,0.20841332]
2;3;3;[0.00429394,0.01718059,0.04203174,0.7015444 ,0.23494935]
2;3;3;[6.4436410e-04,1.6239515e-02,1.0709656e-02,9.0829849e-01,6.4108044e-02]
2;3;3;[0.00440997,0.01738682,0.04300279,0.696171  ,0.23902936]
2;1;4;[0.00187865,0.18509138,0.16016677,0.00378952,0.6490737 ]
3;3;3;[0.00207246,0.01337644,0.02339247,0.7672959 ,0.19386268]
2;3;3;[0.00343488,0.01570402,0.03492109,0.741252  ,0.20468812]
2;3;3;[2.9594029e-04,1.8194621e-02,6.1856089e-03,9.3956542e-01,3.5758495e-02]
2;3;3;[2.9632094e-04,1.8191367e-02,6.1913682e-03,9.3952763e-01,3.5793304e-02]
2;3;3;[2.9632694e-04,1.8191306e-02,6.1914613e-03,9.3952698e-01,3.5793897e-02]
2;4;4;[0.00239272,0.15921491,0.18618613,0.00408491,0.6481213 ]
3;2;4;[0.00172084,0.11410572,0.1298003 ,0.0025676 ,0.75180554]
4;4;4;[4.7782075e-04,5.6513050e-03,4.8990496e-02,1.6986313e-03,9.4318169e-01]
5;1;4;[6.9185521e-04,6.4397365e-02,1.5779211e-01,1.1550291e-03,7.7596366e-01]
6;3;3;[0.00176158,0.02399862,0.05327259,0.518261  ,0.40270624]
2;4;4;[2.6663943e-04,7.6762983e-03,4.6035875e-02,2.3726623e-03,9.4364852e-01]
3;1;4;[2.5287105e-04,1.0779652e-01,1.2311369e-01,1.1672382e-03,7.6766968e-01]
4;3;3;[5.6994200e-04,1.8719733e-02,2.1966184e-02,7.5784057e-01,2.0090355e-01]
2;4;4;[2.6668160e-04,7.6723183e-03,4.6033010e-02,2.3715114e-03,9.4365650e-01]
3;2;4;[2.7182081e-04,5.2464169e-02,1.1272789e-01,1.0988689e-03,8.3343726e-01]
4;4;4;[2.1312782e-04,8.8429935e-03,6.2002782e-02,1.2447657e-03,9.2769635e-01]
5;1;4;[3.1854643e-04,2.5764951e-01,1.8249407e-01,2.6310664e-03,5.5690682e-01]
6;3;3;[4.0806926e-04,2.8811440e-02,2.8371679e-02,7.4990577e-01,1.9250296e-01]
2;4;4;[2.6673888e-04,7.6668309e-03,4.6029024e-02,2.3699258e-03,9.4366741e-01]
3;1;4;[2.5440915e-04,1.0649251e-01,1.2305344e-01,1.1671146e-03,7.6903248e-01]
4;3;3;[1.7710477e-04,1.6190456e-02,1.0024751e-02,9.1674376e-01,5.6863938e-02]
2;1;4;[0.00075613,0.30919236,0.08987563,0.0032564 ,0.5969194 ]
3;3;3;[3.9762002e-04,6.9861826e-03,5.7710367e-03,9.2468876e-01,6.2156338e-02]
2;3;3;[8.8207953e-04,1.5596976e-02,1.3203393e-02,8.8952494e-01,8.0792576e-02]
2;4;4;[2.6704496e-04,7.6378547e-03,4.6008028e-02,2.3615421e-03,9.4372553e-01]
3;1;4;[2.5530232e-04,1.0596085e-01,1.2303408e-01,1.1649803e-03,7.6958477e-01]
4;3;3;[1.7752651e-04,1.6195968e-02,1.0027246e-02,9.1676563e-01,5.6833643e-02]
2;1;4;[0.00191303,0.18322535,0.16197674,0.00380802,0.6490768 ]
3;3;3;[2.4397112e-04,1.0699107e-02,5.0767493e-03,9.5131886e-01,3.2661289e-02]
2;2;4;[0.00119709,0.28426948,0.2955134 ,0.00312892,0.4158911 ]
3;4;4;[4.6439641e-04,1.7245214e-02,9.7052127e-02,4.5774258e-03,8.8066083e-01]
4;4;4;[4.4335352e-04,1.6989648e-01,2.2178295e-01,1.6267081e-03,6.0625052e-01]
5;2;4;[5.8146281e-04,1.4641266e-01,1.8554386e-01,2.7976278e-03,6.6466445e-01]
6;4;4;[3.9560546e-04,1.5008281e-02,8.6244270e-02,3.0658252e-03,8.9528602e-01]
7;2;4;[5.7054352e-04,1.3165522e-01,2.6898560e-01,2.0128768e-03,5.9677577e-01]
8;4;4;[4.23496356e-04,1.63191892e-02,1.04963385e-01,3.11438367e-03,8.75179529e-01]
9;2;4;[5.5112765e-04,1.2752177e-01,2.6127607e-01,1.9481119e-03,6.0870290e-01]
10;4;4;[4.2488394e-04,1.6817598e-02,1.0427050e-01,2.9343844e-03,8.7555265e-01]
11;1;4;[3.9187842e-04,3.5918492e-01,2.2552446e-01,2.5332635e-03,4.1236544e-01]
12;3;3;[3.4255954e-04,2.5667688e-02,2.3746271e-02,8.3283341e-01,1.1741003e-01]
2;1;4;[0.00112652,0.30319467,0.28621578,0.00319817,0.40626487]
3;3;3;[7.9473172e-04,1.8959086e-02,2.1202676e-02,8.7720484e-01,8.1838660e-02]
2;1;1;[3.6545421e-04,5.2647603e-01,5.2495666e-02,3.8505190e-03,4.1681230e-01]
3;3;3;[1.01588914e-04,4.69965767e-03,1.83660863e-03,9.71283913e-01,2.20781956e-02]
2;4;4;[5.2104634e-04,3.6327404e-03,4.3273117e-02,1.2986434e-03,9.5127439e-01]
3;1;4;[4.4652776e-04,1.2784041e-01,1.3216120e-01,1.0451729e-03,7.3850667e-01]
4;3;3;[0.00103377,0.02407005,0.03148064,0.6518005 ,0.29161498]
2;1;4;[0.00062221,0.34943715,0.07810457,0.0032893 ,0.56854683]
3;3;3;[1.16851115e-04,7.97218457e-03,3.30099720e-03,9.61849630e-01,2.67603491e-02]
2;2;4;[5.0152245e-04,3.5708181e-03,4.2527042e-02,1.3004105e-03,9.5210016e-01]
3;4;4;[4.688798e-04,4.399731e-03,6.691378e-02,1.082472e-03,9.271351e-01]
4;2;4;[4.7324310e-04,1.5888236e-01,1.8143211e-01,1.5215561e-03,6.5769070e-01]
5;4;4;[2.6671105e-04,2.4141172e-02,8.4638111e-02,6.5027019e-03,8.8445133e-01]
6;4;4;[2.9855050e-04,1.4740168e-01,1.8658482e-01,2.3512575e-03,6.6336370e-01]
7;2;4;[2.4080325e-04,3.8468596e-01,1.2505434e-01,4.3569696e-03,4.8566192e-01]
8;4;4;[1.8538347e-04,2.0889960e-02,7.0167661e-02,9.7025214e-03,8.9905447e-01]
9;2;4;[2.3193916e-04,1.3287398e-01,1.8914489e-01,2.4232096e-03,6.7532599e-01]
10;4;4;[2.1163748e-04,1.9731618e-02,9.0537429e-02,4.2809024e-03,8.8523847e-01]
11;2;4;[2.8353135e-04,1.5245791e-01,2.1804227e-01,3.1634918e-03,6.2605280e-01]
12;4;4;[2.3377709e-04,2.0548472e-02,9.8024108e-02,5.3316779e-03,8.7586194e-01]
13;4;4;[2.7149683e-04,1.5844023e-01,2.1277967e-01,3.0293497e-03,6.2547922e-01]
14;4;4;[3.2581310e-04,1.3666406e-01,1.8117203e-01,4.5383032e-03,6.7729980e-01]
15;2;4;[3.5292815e-04,2.4316928e-01,1.7536721e-01,5.5526490e-03,5.7555789e-01]
16;4;4;[2.2656145e-04,1.7634548e-02,8.2989037e-02,6.0938196e-03,8.9305609e-01]
17;1;4;[2.3937662e-04,2.0491645e-01,1.9713670e-01,2.7206393e-03,5.9498686e-01]
18;3;3;[2.1060091e-04,2.6158277e-02,1.9371040e-02,8.2677567e-01,1.2748441e-01]
2;4;1;[3.9485769e-04,4.9724674e-01,5.5518057e-02,3.7547164e-03,4.4308561e-01]
3;1;4;[3.6819009e-04,3.0108231e-01,5.8863804e-02,4.5610177e-03,6.3512462e-01]
4;3;3;[1.3407231e-04,8.7661566e-03,3.7191941e-03,9.5715612e-01,3.0224608e-02]
2;4;4;[2.7210219e-04,7.1854228e-03,4.5660634e-02,2.2307269e-03,9.4465113e-01]
3;1;4;[2.04986340e-04,1.97958410e-01,1.22836664e-01,1.22767850e-03,6.77772284e-01]
4;3;3;[3.2627772e-04,1.7313031e-02,1.3696711e-02,8.3798897e-01,1.3067493e-01]
2;4;4;[2.7215501e-04,7.1810074e-03,4.5656778e-02,2.2294701e-03,9.4466060e-01]
3;1;4;[1.70915911e-04,2.84928888e-01,1.16818555e-01,1.40377192e-03,5.96677899e-01]
4;3;3;[1.90401915e-04,1.54513605e-02,8.88338778e-03,8.96949589e-01,7.85251483e-02]
2;3;3;[4.3718758e-04,1.7186379e-02,8.1978897e-03,9.2621714e-01,4.7961414e-02]
2;3;3;[3.0114580e-04,1.8150439e-02,6.2642400e-03,9.3905026e-01,3.6233969e-02]
2;1;4;[0.00124467,0.27290115,0.30128962,0.00309222,0.4214723 ]
3;3;3;[0.00102185,0.02044531,0.02604237,0.85083735,0.1016531 ]
2;4;4;[5.0059345e-04,3.5691496e-03,4.2500731e-02,1.3004506e-03,9.5212913e-01]
3;2;4;[4.95588640e-04,5.78117967e-02,1.17325954e-01,7.75512424e-04,8.23591173e-01]
4;4;4;[3.7239725e-04,7.4291071e-03,5.5982705e-02,1.3274017e-03,9.3488842e-01]
5;4;4;[5.4793636e-04,1.0436226e-01,1.8485740e-01,1.3437142e-03,7.0888871e-01]
6;1;1;[3.36672907e-04,4.60462481e-01,1.16397254e-01,3.95114115e-03,4.18852538e-01]
7;3;3;[1.0566855e-04,1.3895025e-02,7.4652797e-03,9.4041312e-01,3.8120959e-02]
2;2;4;[0.00188935,0.18450268,0.16072862,0.00379531,0.6490841 ]
3;4;4;[3.1670419e-04,4.2779977e-03,4.1021839e-02,1.4276353e-03,9.5295584e-01]
4;4;4;[4.3671363e-04,8.4724553e-02,1.4274462e-01,1.0439014e-03,7.7105016e-01]
5;1;4;[3.51334747e-04,3.78973752e-01,1.17655374e-01,3.49609437e-03,4.99523371e-01]
6;3;3;[1.3726443e-04,7.5718355e-03,4.5219101e-03,9.5788848e-01,2.9880410e-02]
2;4;4;[5.0026539e-04,3.5685606e-03,4.2491626e-02,1.3004947e-03,9.5213908e-01]
3;4;4;[3.8451605e-04,2.0324102e-01,1.3461952e-01,1.2754521e-03,6.6047943e-01]
4;4;4;[4.6959653e-04,1.5477712e-01,1.0656540e-01,2.3588298e-03,7.3582906e-01]
5;4;4;[6.6454144e-04,1.6802803e-01,1.3957427e-01,3.2791051e-03,6.8845409e-01]
6;1;4;[5.3177454e-04,2.4838698e-01,1.1327984e-01,3.1861274e-03,6.3461530e-01]
7;3;3;[3.6958483e-04,1.1559522e-02,9.8394100e-03,8.7929142e-01,9.8940097e-02]
2;3;3;[0.00265981,0.01493712,0.0282951 ,0.7812562 ,0.17285179]
2;4;4;[5.2250136e-04,3.6383467e-03,4.3331616e-02,1.2984232e-03,9.5120919e-01]
3;4;4;[3.1509294e-04,3.3679020e-01,1.2830651e-01,1.5435891e-03,5.3304458e-01]
4;4;1;[2.3429000e-04,5.0320685e-01,9.7091809e-02,4.1980897e-03,3.9526898e-01]
5;1;1;[2.2605171e-04,4.8156556e-01,8.8012524e-02,4.2757923e-03,4.2592010e-01]
6;3;3;[1.3115015e-04,8.2957866e-03,4.6180426e-03,9.4414848e-01,4.2806558e-02]
2;2;4;[4.9626734e-04,3.5637494e-03,4.2390980e-02,1.3014723e-03,9.5224750e-01]
3;4;4;[4.5552541e-04,4.5028022e-03,6.8544455e-02,1.0918314e-03,9.2540538e-01]
4;2;4;[3.5952043e-04,2.8428593e-01,1.7496598e-01,1.9016453e-03,5.3848696e-01]
5;4;4;[2.9617146e-04,2.3639979e-02,7.1640469e-02,8.2882112e-03,8.9613515e-01]
6;1;4;[3.2447206e-04,2.0631038e-01,2.0300497e-01,2.1956502e-03,5.8816457e-01]
7;3;3;[5.6239014e-04,2.1922579e-02,2.7115859e-02,7.6174408e-01,1.8865500e-01]
2;3;3;[0.00455607,0.01768121,0.044338  ,0.68881494,0.24460976]
2;3;3;[0.00309206,0.01522736,0.03195008,0.7588945 ,0.19083598]
2;3;3;[2.7140789e-04,1.8413158e-02,5.8095935e-03,9.4201714e-01,3.3488654e-02]
2;1;1;[4.1032251e-04,4.8292488e-01,5.7066932e-02,3.7048748e-03,4.5589307e-01]
3;3;3;[7.8318990e-05,7.5813434e-03,2.4906369e-03,9.6820223e-01,2.1647513e-02]
2;3;3;[4.6500665e-04,1.7030468e-02,8.5535925e-03,9.2376304e-01,5.0187960e-02]
2;3;3;[3.0049539e-04,1.8155891e-02,6.2544281e-03,9.3911457e-01,3.6174662e-02]
2;3;3;[2.8702471e-04,1.8272012e-02,6.0500209e-03,9.4045168e-01,3.4939233e-02]
2;1;1;[3.5351265e-04,5.3870153e-01,5.1239856e-02,3.8868580e-03,4.0581822e-01]
3;3;3;[9.6889373e-05,4.6544862e-03,1.7534774e-03,9.7213519e-01,2.1359919e-02]
2;1;4;[0.001152  ,0.2437092 ,0.11851755,0.00344113,0.6331801 ]
3;3;3;[5.729365e-04,9.660705e-03,9.829333e-03,8.926767e-01,8.726032e-02]
2;3;3;[4.1094143e-04,1.7369742e-02,7.8413654e-03,9.2858744e-01,4.5790505e-02]
2;3;3;[3.1166952e-04,1.8063230e-02,6.4220112e-03,9.3801403e-01,3.7188962e-02]
2;1;4;[0.00058272,0.36687368,0.07445019,0.00333691,0.5547565 ]
3;3;3;[2.4034677e-04,5.8899331e-03,3.7785808e-03,9.4693315e-01,4.3158054e-02]
2;3;3;[3.1716219e-04,1.8018810e-02,6.5037538e-03,9.3747616e-01,3.7684083e-02]
2;3;3;[3.3187511e-04,1.7903948e-02,6.7207534e-03,9.3604511e-01,3.8998306e-02]
2;2;4;[0.00247601,0.15451348,0.18998748,0.00412978,0.6488933 ]
3;2;4;[2.8402940e-04,4.5044781e-03,4.0386740e-02,1.4089515e-03,9.5341581e-01]
4;4;4;[2.7599026e-04,8.0835177e-03,9.7029664e-02,1.5608887e-03,8.9304990e-01]
5;2;4;[3.8050927e-04,5.6713562e-02,1.8614380e-01,1.1932719e-03,7.5556886e-01]
6;4;4;[2.5738380e-04,1.4055561e-02,7.8641228e-02,3.6305764e-03,9.0341526e-01]
7;2;4;[2.4742214e-04,2.0500283e-01,1.8568483e-01,1.8106997e-03,6.0725421e-01]
8;4;4;[1.9347758e-04,2.2144996e-02,8.1927203e-02,5.3813113e-03,8.9035302e-01]
9;4;4;[2.5929225e-04,1.4969957e-01,1.9983707e-01,1.8546702e-03,6.4834940e-01]
10;4;4;[3.4072404e-04,1.6278659e-01,1.7948681e-01,3.2724079e-03,6.5411347e-01]
11;4;1;[2.6544338e-04,4.7642699e-01,1.1007991e-01,4.9739205e-03,4.0825370e-01]
12;1;4;[3.27222515e-04,2.91762531e-01,1.24545306e-01,5.80894342e-03,5.77556014e-01]
13;3;3;[1.4796529e-04,1.3010023e-02,6.7106257e-03,9.3623275e-01,4.3898676e-02]
2;1;4;[0.00134298,0.2231894 ,0.12968546,0.00354303,0.64223915]
3;3;3;[8.0838526e-04,1.0208657e-02,1.2441030e-02,8.6876875e-01,1.0777316e-01]
2;4;4;[6.6710322e-04,4.4752643e-03,5.1455021e-02,1.3915125e-03,9.4201112e-01]
3;4;4;[6.8438344e-04,6.2898256e-02,1.4507216e-01,9.0679782e-04,7.9043841e-01]
4;2;4;[7.9765788e-04,6.5468386e-02,1.2597178e-01,1.3963671e-03,8.0636579e-01]
5;4;4;[2.8968233e-04,1.8361319e-02,7.0216171e-02,4.4377646e-03,9.0669513e-01]
6;1;4;[2.3592683e-04,2.2472629e-01,1.6540410e-01,1.8407595e-03,6.0779291e-01]
7;3;3;[4.2744094e-04,2.3478949e-02,2.4054563e-02,7.7358049e-01,1.7845844e-01]
2;3;3;[5.1124406e-04,1.6797574e-02,9.1299480e-03,9.1970730e-01,5.3853855e-02]
2;3;3;[3.2753489e-04,1.7937331e-02,6.6570295e-03,9.3646592e-01,3.8612168e-02]
2;3;3;[3.1403048e-04,1.8044023e-02,6.4571989e-03,9.3778259e-01,3.7402082e-02]
2;3;3;[4.6511498e-04,1.7029878e-02,8.5549653e-03,9.2375344e-01,5.0196558e-02]
2;4;4;[5.9733418e-04,4.0190225e-03,4.7335815e-02,1.3410187e-03,9.4670677e-01]
3;1;4;[3.5795732e-04,3.4646958e-01,1.3931887e-01,1.6475861e-03,5.1220602e-01]
4;3;3;[2.3212923e-04,1.7097251e-02,9.3671288e-03,9.1958177e-01,5.3721648e-02]
2;4;4;[4.2192140e-04,3.7297094e-03,4.1591469e-02,1.3711711e-03,9.5288581e-01]
3;2;4;[3.1737235e-04,2.1534851e-01,1.2994057e-01,1.2592595e-03,6.5313423e-01]
4;4;4;[2.5043011e-04,1.7032780e-02,5.7117354e-02,4.3131947e-03,9.2128623e-01]
5;4;4;[3.0559566e-04,2.4038763e-01,1.8514046e-01,1.9991202e-03,5.7216716e-01]
6;1;4;[4.1923145e-04,1.7840357e-01,1.4813288e-01,3.4965340e-03,6.6954780e-01]
7;3;3;[1.8070494e-04,2.3480497e-02,1.0043617e-02,9.1806364e-01,4.8231639e-02]
2;3;3;[7.0938311e-04,1.5997626e-02,1.1440279e-02,9.0290630e-01,6.8946421e-02]
2;3;3;[0.00420578,0.0170254 ,0.04129479,0.70562655,0.2318475 ]
2;4;4;[0.00122252,0.23545924,0.12283458,0.00348045,0.6370032 ]
3;4;4;[0.00093155,0.12353411,0.09199379,0.00215091,0.7813896 ]
4;1;1;[3.720858e-04,5.189491e-01,5.644101e-02,3.753888e-03,4.204839e-01]
5;3;3;[1.2923026e-04,5.9745102e-03,2.1575207e-03,9.6344656e-01,2.8292151e-02]
2;3;3;[4.1190287e-04,1.7362829e-02,7.8545455e-03,9.2850006e-01,4.5870613e-02]
2;3;3;[0.00172001,0.01463929,0.02068727,0.83257717,0.13037625]
2;3;3;[6.0753111e-04,1.6382385e-02,1.0284449e-02,9.1139764e-01,6.1327998e-02]
2;3;3;[2.8731331e-04,1.8269466e-02,6.0544331e-03,9.4042289e-01,3.4965865e-02]
2;3;3;[0.00160169,0.01470651,0.01972246,0.83994675,0.12402251]
2;4;4;[4.6207994e-04,3.5818606e-03,4.1641228e-02,1.3306709e-03,9.5298415e-01]
3;4;4;[4.9200217e-04,3.8105577e-02,1.1310353e-01,7.1092980e-04,8.4758800e-01]
4;2;4;[6.2218565e-04,4.5495491e-02,1.0624029e-01,1.2608906e-03,8.4638113e-01]
5;4;4;[2.8424631e-04,1.2949986e-02,6.0008440e-02,3.4463038e-03,9.2331105e-01]
6;1;4;[3.1967676e-04,1.1681238e-01,1.5237918e-01,1.6027571e-03,7.2888595e-01]
7;3;3;[3.01117776e-04,1.81050058e-02,1.75881237e-02,8.63461971e-01,1.00543834e-01]
2;4;4;[5.1899883e-04,4.0316409e-01,6.8111844e-02,3.4450311e-03,5.2476007e-01]
3;4;4;[4.9562019e-04,2.2473505e-01,6.5685943e-02,3.8136756e-03,7.0526975e-01]
4;2;4;[5.3828303e-04,2.1826747e-01,9.0074107e-02,3.3133491e-03,6.8780673e-01]
5;4;4;[2.4572646e-04,1.2294453e-02,4.4449884e-02,3.4309977e-03,9.3957895e-01]
6;4;4;[4.09059663e-04,1.05338894e-01,1.72806919e-01,2.33859569e-03,7.19106555e-01]
7;1;4;[4.8903289e-04,1.3724251e-01,1.4970492e-01,3.6270721e-03,7.0893645e-01]
8;3;4;[0.00098826,0.02942676,0.03989894,0.46066433,0.4690217 ]
2;1;4;[0.00098629,0.34680432,0.26544484,0.00334644,0.3834181 ]
3;3;3;[6.1304815e-04,1.7740419e-02,1.6791863e-02,8.9930892e-01,6.5545745e-02]
2;4;4;[0.00097728,0.00711838,0.07497472,0.00154277,0.91538686]
3;4;1;[4.4040679e-04,4.6535730e-01,1.7139706e-01,2.3222319e-03,3.6048296e-01]
4;1;4;[0.00047589,0.3809552 ,0.14054534,0.00439784,0.47362578]
5;3;3;[3.2766815e-04,1.7604006e-02,1.1889353e-02,9.2542833e-01,4.4750661e-02]
2;3;3;[0.00359233,0.0159792 ,0.03623926,0.7338482 ,0.21034104]
2;3;3;[0.00155468,0.0147424 ,0.01932004,0.84297884,0.12140401]
2;4;4;[4.9150869e-04,3.5593938e-03,4.2258520e-02,1.3034779e-03,9.5238703e-01]
3;4;4;[5.0615106e-04,4.9671482e-02,1.1592025e-01,7.5489696e-04,8.3314723e-01]
4;2;4;[6.2012899e-04,5.5415723e-02,1.0532296e-01,1.2664828e-03,8.3737469e-01]
5;4;4;[3.3705542e-04,6.4282222e-03,4.9790431e-02,1.6245946e-03,9.4181967e-01]
6;2;4;[3.6890889e-04,2.0583907e-01,1.6073075e-01,1.5706612e-03,6.3149059e-01]
7;4;4;[2.7000505e-04,1.5986564e-02,6.4172938e-02,4.1376143e-03,9.1543293e-01]
8;2;4;[3.2263991e-04,2.3298623e-01,1.8606015e-01,1.9106170e-03,5.7872039e-01]
9;4;4;[2.6433461e-04,1.6834607e-02,6.7051806e-02,4.4806516e-03,9.1136855e-01]
10;1;4;[2.8956108e-04,3.6258847e-01,1.8573675e-01,2.6022934e-03,4.4878286e-01]
11;3;3;[2.8876320e-04,1.9653935e-02,1.4028338e-02,8.6775404e-01,9.8274879e-02]
2;3;3;[0.00264999,0.01493496,0.02821602,0.7817539 ,0.1724451 ]
2;3;3;[0.00447064,0.01750557,0.04354424,0.69322723,0.24125232]
2;4;4;[5.8502977e-04,3.9514620e-03,4.6643157e-02,1.3313877e-03,9.4748896e-01]
3;1;4;[5.9919053e-04,5.4483511e-02,1.2825887e-01,8.1101560e-04,8.1584746e-01]
4;3;3;[4.1925884e-04,2.2061341e-02,1.9535599e-02,8.6826080e-01,8.9722946e-02]
2;3;3;[0.00344644,0.01572457,0.03501824,0.7407036 ,0.20510721]
2;1;1;[3.825935e-04,5.092915e-01,5.426991e-02,3.795584e-03,4.322604e-01]
3;3;3;[1.0190650e-04,4.9710162e-03,2.0267949e-03,9.7112918e-01,2.1771168e-02]
2;3;3;[0.00448679,0.017538  ,0.04369136,0.6924224 ,0.24186154]
2;4;4;[5.0920382e-04,3.5908150e-03,4.2804372e-02,1.2992909e-03,9.5179629e-01]
3;1;4;[5.2239030e-04,5.0012827e-02,1.1680942e-01,7.5799553e-04,8.3189732e-01]
4;3;3;[0.00140273,0.02287737,0.04920871,0.55006886,0.37644237]
2;4;3;[0.00335261,0.01556538,0.03422844,0.7452079 ,0.20164566]
3;1;4;[0.00074201,0.3981822 ,0.16042477,0.01201412,0.4286369 ]
4;3;3;[1.3374261e-04,1.0313228e-02,3.9600162e-03,9.6656042e-01,1.9032702e-02]
2;3;3;[3.2814659e-04,1.7932620e-02,6.6660289e-03,9.3640655e-01,3.8666721e-02]
2;3;3;[6.4427080e-04,1.6239855e-02,1.0708588e-02,9.0830624e-01,6.4101063e-02]
2;4;4;[5.0920382e-04,3.5908150e-03,4.2804372e-02,1.2992909e-03,9.5179629e-01]
3;1;4;[4.4479719e-04,1.1448888e-01,1.2926754e-01,9.8973745e-04,7.5480902e-01]
4;3;3;[2.8248766e-04,1.8680844e-02,1.3783199e-02,8.9554417e-01,7.1709342e-02]
2;1;4;[0.00237003,0.09352752,0.4010475 ,0.00266883,0.5003861 ]
3;3;3;[4.4409683e-04,2.0074058e-02,1.5514406e-02,9.1631728e-01,4.7650110e-02]
2;4;3;[3.2225097e-04,1.7978551e-02,6.5791281e-03,9.3697959e-01,3.8140357e-02]
3;2;1;[2.8994784e-04,5.0614417e-01,1.1160333e-01,2.6235595e-02,3.5572699e-01]
4;4;4;[2.1336645e-04,4.6900827e-02,8.7598450e-02,2.6775513e-02,8.3851182e-01]
5;1;4;[2.1349978e-04,3.9105272e-01,2.0884776e-01,7.8589236e-03,3.9202711e-01]
6;3;3;[3.5909092e-04,2.3360526e-02,2.3282744e-02,7.9917669e-01,1.5382092e-01]
2;4;4;[6.1232061e-04,4.1066417e-03,4.8183471e-02,1.3525926e-03,9.4574493e-01]
3;4;4;[6.8346102e-04,4.1197937e-02,1.3782993e-01,8.1045518e-04,8.1947827e-01]
4;1;4;[4.7816031e-04,3.4344777e-01,1.1421665e-01,2.8321189e-03,5.3902531e-01]
5;3;3;[9.1504764e-05,1.1423108e-02,5.2692345e-03,9.5904779e-01,2.4168372e-02]
2;4;4;[5.2655523e-04,3.6546323e-03,4.3498203e-02,1.2978010e-03,9.5102280e-01]
3;1;4;[4.4949292e-04,1.3160120e-01,1.3324207e-01,1.0630829e-03,7.3364419e-01]
4;3;3;[0.00082097,0.02199361,0.02651155,0.74177533,0.20889865]
2;4;4;[5.3266995e-04,3.6800837e-03,4.3760613e-02,1.2979227e-03,9.5072865e-01]
3;1;4;[4.5505541e-04,1.3187771e-01,1.3394374e-01,1.0683055e-03,7.3265523e-01]
4;3;3;[0.00080938,0.02208799,0.02646006,0.74769574,0.2029468 ]
2;1;1;[3.7802593e-04,5.1381755e-01,5.3799752e-02,3.8105135e-03,4.2819414e-01]
3;3;3;[1.1775644e-04,5.2174339e-03,2.0016334e-03,9.6681458e-01,2.5848635e-02]
2;3;3;[0.00370511,0.01617192,0.03716435,0.72867435,0.21428421]
2;3;3;[2.8925494e-04,1.8252449e-02,6.0840463e-03,9.4022948e-01,3.5144739e-02]
2;3;3;[0.00463284,0.0178415 ,0.04506487,0.68472415,0.24773665]
2;1;4;[4.8598662e-04,4.2441794e-01,6.4785123e-02,3.5113331e-03,5.0679964e-01]
3;3;3;[1.8112741e-04,5.6309598e-03,2.8810611e-03,9.5536435e-01,3.5942599e-02]
2;1;4;[0.00164555,0.19079365,0.3444363 ,0.00281187,0.4603127 ]
3;3;3;[2.6508325e-04,1.7177019e-02,1.0517328e-02,9.4222885e-01,2.9811701e-02]
2;3;3;[5.2555476e-04,1.6731998e-02,9.3058031e-03,9.1845071e-01,5.4985881e-02]
2;3;3;[0.00373346,0.01621977,0.0373943 ,0.7273902 ,0.21526222]
2;1;4;[0.00197985,0.17985679,0.16558808,0.00384202,0.6487333 ]
3;3;3;[2.4761539e-04,1.0902920e-02,5.1128305e-03,9.5118552e-01,3.2551054e-02]
2;4;4;[4.8604002e-04,3.5559246e-03,4.2101506e-02,1.3060616e-03,9.5255047e-01]
3;4;4;[4.87706740e-04,5.58743849e-02,1.16600655e-01,7.68686470e-04,8.26268554e-01]
4;1;4;[3.6208602e-04,4.0948913e-01,1.0176687e-01,3.2599303e-03,4.8512203e-01]
5;3;3;[9.0780370e-05,1.0418830e-02,4.6904981e-03,9.6067077e-01,2.4129048e-02]
2;1;4;[0.000584  ,0.3662215 ,0.07457621,0.00333484,0.5552834 ]
3;4;3;[2.4800110e-04,5.9591834e-03,3.7960599e-03,9.4520932e-01,4.4787377e-02]
4;1;4;[0.00044937,0.36568642,0.1653161 ,0.03415364,0.43439448]
5;4;3;[1.3185361e-04,6.0819206e-03,3.3508611e-03,9.6303833e-01,2.7397025e-02]
6;1;4;[0.00059326,0.29091907,0.1387432 ,0.27421954,0.29552492]
7;4;3;[4.0851996e-04,2.0700680e-02,1.7533362e-02,8.8510656e-01,7.6250866e-02]
8;1;1;[0.00053666,0.3498831 ,0.11719161,0.26554656,0.266842  ]
9;3;3;[2.54784041e-04,1.06434245e-02,7.59484572e-03,9.31083322e-01,5.04236184e-02]
2;3;3;[0.0029062 ,0.01505021,0.03033169,0.7687635 ,0.18294844]
2;3;3;[4.8415837e-04,1.6928602e-02,8.7939212e-03,9.2209488e-01,5.1698439e-02]
2;3;3;[3.3428145e-04,1.7885594e-02,6.7559783e-03,9.3581218e-01,3.9211858e-02]
2;4;4;[5.9081166e-04,3.9829481e-03,4.6970006e-02,1.3356991e-03,9.4712055e-01]
3;1;4;[4.1748915e-04,2.6274243e-01,1.4548621e-01,1.4956878e-03,5.8985817e-01]
4;3;3;[4.34311194e-04,1.94896981e-02,1.46891335e-02,8.65424573e-01,9.99621898e-02]
2;3;3;[0.00200479,0.01472123,0.02302045,0.81607777,0.14417578]
2;4;4;[0.00103521,0.25892317,0.11107685,0.0033721 ,0.6255927 ]
3;4;4;[5.9941493e-04,1.5906334e-01,7.7818982e-02,1.8685730e-03,7.6064974e-01]
4;4;4;[6.1381946e-04,1.4641565e-01,8.1798859e-02,2.0304879e-03,7.6914114e-01]
5;4;4;[4.9561029e-04,2.1144840e-01,7.4234568e-02,2.6200737e-03,7.1120131e-01]
6;1;4;[4.9031043e-04,1.8724199e-01,7.4942239e-02,2.5796504e-03,7.3474580e-01]
7;3;3;[1.2603188e-04,7.4125412e-03,3.3592591e-03,9.6470869e-01,2.4393486e-02]
2;3;3;[0.00313715,0.01528593,0.03235476,0.7564176 ,0.19280462]
2;3;3;[3.1414299e-04,1.8043140e-02,6.4588753e-03,9.3777162e-01,3.7412249e-02]
2;3;3;[5.4710609e-04,1.6636448e-02,9.5678736e-03,9.1657162e-01,5.6676857e-02]
2;3;3;[3.9475062e-04,1.7470540e-02,7.6176678e-03,9.3008155e-01,4.4435553e-02]
2;3;3;[3.1628879e-04,1.8025793e-02,6.4907880e-03,9.3756157e-01,3.7605595e-02]
2;3;3;[0.00311508,0.01525794,0.03215745,0.7576188 ,0.19185077]
2;3;3;[0.00422673,0.01706101,0.04147131,0.7046653 ,0.23257567]
2;4;4;[5.2061881e-04,3.6310891e-03,4.3255880e-02,1.2987077e-03,9.5129371e-01]
3;2;4;[5.0194160e-04,6.2024683e-02,1.1888309e-01,7.8945793e-04,8.1780082e-01]
4;2;4;[3.6404107e-04,7.5224172e-03,5.8753479e-02,1.5535254e-03,9.3180656e-01]
5;4;4;[3.9425693e-04,1.1013613e-02,1.1084754e-01,1.5652800e-03,8.7617928e-01]
6;2;4;[3.6863858e-04,2.1045575e-01,2.1140538e-01,1.8440078e-03,5.7592618e-01]
7;4;4;[2.8819824e-04,1.7029963e-02,7.4909374e-02,4.8368583e-03,9.0293562e-01]
8;2;4;[3.1926302e-04,2.8489870e-01,2.0076606e-01,2.2608510e-03,5.1175511e-01]
9;4;4;[2.7911141e-04,2.3138916e-02,8.1832446e-02,7.1178977e-03,8.8763165e-01]
10;4;4;[3.6769599e-04,1.5208732e-01,2.2392917e-01,2.0993690e-03,6.2151641e-01]
11;1;4;[3.9277526e-04,2.2534731e-01,1.8118437e-01,3.3720748e-03,5.8970350e-01]
12;3;3;[4.1695390e-04,1.6739389e-02,1.9609077e-02,8.3188361e-01,1.3135107e-01]
2;4;4;[3.8969456e-04,3.8753154e-03,4.1515261e-02,1.4002906e-03,9.5281941e-01]
3;1;4;[2.5373406e-04,2.9784369e-01,1.2336835e-01,1.3756223e-03,5.7715857e-01]
4;3;3;[2.9686806e-04,1.6832702e-02,1.0371437e-02,8.7846988e-01,9.4029151e-02]
2;1;4;[0.00077163,0.30555123,0.09118737,0.00326027,0.5992295 ]
3;3;3;[2.0047248e-04,8.4134815e-03,4.7601433e-03,9.4673842e-01,3.9887521e-02]
2;2;4;[0.00258998,0.14864478,0.19540851,0.00418855,0.6491682 ]
3;4;4;[6.1007892e-04,5.4709995e-03,5.2542876e-02,1.3082757e-03,9.4006777e-01]
4;2;4;[0.00088588,0.03913742,0.18028215,0.00102613,0.77866846]
5;4;4;[5.5954722e-04,7.0209256e-03,7.1974181e-02,1.2296657e-03,9.1921568e-01]
6;4;4;[5.4543145e-04,2.0696364e-01,1.9513066e-01,1.5516521e-03,5.9580863e-01]
7;4;1;[2.93781224e-04,4.98786002e-01,1.22109815e-01,3.62699083e-03,3.75183433e-01]
8;1;1;[2.74563325e-04,4.56697911e-01,1.04710296e-01,3.69913457e-03,4.34618115e-01]
9;3;3;[2.5538440e-04,1.7146107e-02,1.4772054e-02,8.5954243e-01,1.0828402e-01]
2;1;4;[0.00247601,0.15451348,0.18998748,0.00412978,0.6488933 ]
3;3;3;[2.3156438e-04,1.3002085e-02,4.7976058e-03,9.5466042e-01,2.7308244e-02]
2;3;3;[3.1889571e-04,1.8005038e-02,6.5294704e-03,9.3730676e-01,3.7839722e-02]
2;1;4;[4.4574990e-04,4.5285553e-01,6.0671657e-02,3.6000190e-03,4.8242703e-01]
3;3;3;[8.9844849e-05,7.7583324e-03,2.7588864e-03,9.6548450e-01,2.3908371e-02]
2;2;4;[0.00238402,0.15972215,0.18577425,0.00408015,0.64803946]
3;2;4;[3.9282348e-04,4.1631591e-03,4.2600125e-02,1.3356488e-03,9.5150822e-01]
4;4;4;[4.9254327e-04,6.8097031e-03,8.9357525e-02,1.4948543e-03,9.0184540e-01]
5;2;4;[4.6619875e-04,1.5909532e-01,2.0101492e-01,1.6122704e-03,6.3781130e-01]
6;4;4;[3.2339827e-04,1.7843250e-02,8.5825942e-02,4.6471041e-03,8.9136034e-01]
7;4;4;[2.7005479e-04,2.6656440e-01,1.8896350e-01,1.8508054e-03,5.4235131e-01]
8;4;4;[3.9464806e-04,2.1033630e-01,1.5391146e-01,3.7574286e-03,6.3160020e-01]
9;1;1;[2.7230772e-04,5.6291664e-01,9.8910294e-02,4.9028434e-03,3.3299789e-01]
10;3;3;[9.2115093e-05,9.8079825e-03,4.2551835e-03,9.5568126e-01,3.0163569e-02]
2;2;4;[0.00103395,0.33128718,0.27276313,0.00329522,0.39162058]
3;4;4;[3.07949842e-04,3.09833679e-02,1.05536915e-01,8.53221770e-03,8.54639590e-01]
4;1;4;[2.1557561e-04,2.4048527e-01,1.8936944e-01,1.8923682e-03,5.6803733e-01]
5;3;3;[3.59020196e-04,1.80389844e-02,1.87038165e-02,8.43647718e-01,1.19250424e-01]
2;4;4;[4.8565050e-04,3.5556827e-03,4.2090353e-02,1.3062500e-03,9.5256203e-01]
3;1;4;[3.9085583e-04,1.7254251e-01,1.3288452e-01,1.1785380e-03,6.9300354e-01]
4;3;3;[1.8392457e-04,1.7508667e-02,9.7913845e-03,9.2260307e-01,4.9912944e-02]
2;3;3;[0.00258102,0.01491901,0.02765848,0.7852698 ,0.1695717 ]
2;3;3;[3.2730351e-04,1.7939124e-02,6.6536278e-03,9.3648833e-01,3.8591571e-02]
2;3;3;[7.009494e-04,1.602816e-02,1.134685e-02,9.035996e-01,6.832447e-02]
2;3;3;[3.4911913e-04,1.7775245e-02,6.9716410e-03,9.3438315e-01,4.0520892e-02]
2;3;3;[3.9484157e-04,1.7469984e-02,7.6189288e-03,9.3007314e-01,4.4443194e-02]
2;3;3;[0.00340429,0.01564933,0.0346636 ,0.74270725,0.20357552]
2;3;3;[4.5207547e-04,1.7101534e-02,8.3894273e-03,9.2489797e-01,4.9159080e-02]
2;1;4;[0.00208292,0.13281019,0.37689832,0.00271448,0.4854941 ]
3;3;3;[0.00306666,0.024997  ,0.06708012,0.6530429 ,0.25181332]
2;4;4;[6.2490162e-04,4.1858391e-03,4.8929650e-02,1.3625344e-03,9.4489706e-01]
3;1;4;[5.53744612e-04,1.14400476e-01,1.45401120e-01,1.05226925e-03,7.38592446e-01]
4;3;3;[3.0874860e-04,2.0460261e-02,1.5298267e-02,8.9552850e-01,6.8404235e-02]
2;3;3;[0.00323863,0.01541261,0.03324596,0.75108   ,0.19702284]
2;1;4;[0.00253807,0.15121259,0.19290945,0.00416152,0.6491784 ]
3;3;3;[2.9501796e-04,1.2938943e-02,5.7625319e-03,9.4787860e-01,3.3124894e-02]
2;3;3;[4.1301528e-04,1.7354848e-02,7.8697624e-03,9.2839915e-01,4.5963161e-02]
2;3;3;[0.00197349,0.01470505,0.02276453,0.8178387 ,0.14271821]
2;1;4;[0.0014438 ,0.21445678,0.13540974,0.00359355,0.6450961 ]
3;3;3;[3.1598500e-04,9.1130044e-03,6.2723258e-03,9.3807781e-01,4.6220906e-02]
2;4;4;[4.9493287e-04,3.5622322e-03,4.2357702e-02,1.3018168e-03,9.5228338e-01]
3;4;4;[5.3629279e-04,3.7998255e-02,1.1624422e-01,7.2395982e-04,8.4449732e-01]
4;4;4;[6.7305728e-04,5.3914212e-02,1.1454919e-01,1.3615587e-03,8.2950193e-01]
5;4;4;[0.00074259,0.1346219 ,0.12357121,0.00227595,0.73878837]
6;1;1;[3.4401889e-04,4.6118376e-01,7.5301349e-02,3.3071435e-03,4.5986375e-01]
7;3;3;[1.3506511e-04,6.5930816e-03,4.1492181e-03,9.4945943e-01,3.9663251e-02]
2;4;4;[0.00138966,0.21885675,0.13226718,0.00356571,0.6439207 ]
3;1;4;[3.4523944e-04,4.0704712e-01,5.4514982e-02,2.6815245e-03,5.3541112e-01]
4;3;3;[1.3058378e-04,6.2924484e-03,2.7889637e-03,9.6245503e-01,2.8332943e-02]
2;3;3;[3.8253525e-04,1.7548023e-02,7.4470881e-03,9.3121868e-01,4.3403681e-02]
2;1;4;[4.8815910e-04,4.2294052e-01,6.5004021e-02,3.5065464e-03,5.0806075e-01]
3;3;3;[9.4742260e-05,7.9190359e-03,2.8892814e-03,9.6464515e-01,2.4451939e-02]
2;3;3;[0.00379963,0.01633253,0.03793261,0.72436076,0.21757448]
2;2;4;[0.00185166,0.16395992,0.3598036 ,0.00276047,0.4716243 ]
3;4;4;[3.9631841e-04,1.5993446e-02,9.6405596e-02,3.8506465e-03,8.8335401e-01]
4;4;4;[3.7602830e-04,1.2832515e-01,1.9198935e-01,1.5794337e-03,6.7773008e-01]
5;4;4;[3.2669556e-04,3.3081904e-01,1.4105336e-01,3.3593096e-03,5.2444160e-01]
6;1;1;[2.6030955e-04,4.5666480e-01,1.0482384e-01,4.2494736e-03,4.3400156e-01]
7;3;3;[1.2143716e-04,6.8412023e-03,4.8630438e-03,9.5305943e-01,3.5114903e-02]
2;4;4;[5.5238849e-04,3.7792239e-03,4.4834495e-02,1.3104607e-03,9.4952339e-01]
3;1;4;[5.2215817e-04,6.7735732e-02,1.2277998e-01,8.2313706e-04,8.0813897e-01]
4;3;3;[0.00086458,0.02293802,0.03424091,0.734206  ,0.20775044]
2;3;3;[0.00260943,0.01492576,0.02788865,0.7838169 ,0.17075935]
2;3;3;[4.3866123e-04,1.7176894e-02,8.2174744e-03,9.2608517e-01,4.8081838e-02]
2;4;4;[0.00221816,0.1684808 ,0.17789902,0.0039699 ,0.6474321 ]
3;1;4;[5.0937390e-04,3.6273548e-01,6.2976085e-02,2.5298358e-03,5.7124925e-01]
4;3;3;[2.0973991e-04,5.9539988e-03,3.3120939e-03,9.5519942e-01,3.5324741e-02]
2;3;3;[0.00372386,0.01620364,0.03731659,0.7278243 ,0.21493164]
2;3;3;[0.00365217,0.01608166,0.03673369,0.731084  ,0.21244851]
2;4;4;[0.00231838,0.16334704,0.18277556,0.00403772,0.6475213 ]
3;4;1;[3.9335596e-04,5.0087577e-01,5.2167140e-02,2.8966933e-03,4.4366699e-01]
4;1;4;[4.8337670e-04,3.1576023e-01,6.4840712e-02,4.8655588e-03,6.1405015e-01]
5;3;3;[4.1018045e-04,1.3925030e-02,7.0773615e-03,8.9819819e-01,8.0389209e-02]
2;4;4;[5.3513766e-04,3.6915222e-03,4.3891322e-02,1.2992268e-03,9.5058280e-01]
3;2;4;[5.33852901e-04,5.63070364e-02,1.19757645e-01,7.84183620e-04,8.22617292e-01]
4;4;4;[3.9858944e-04,7.4715279e-03,5.7436578e-02,1.3265254e-03,9.3336678e-01]
5;2;4;[5.6290784e-04,1.0857391e-01,1.8340506e-01,1.3316629e-03,7.0612651e-01]
6;4;4;[3.9708772e-04,1.0221279e-02,6.7586757e-02,1.8573193e-03,9.1993755e-01]
7;2;4;[6.4743287e-04,8.2646079e-02,2.2179106e-01,1.4455015e-03,6.9346994e-01]
8;4;4;[3.1607435e-04,1.8546872e-02,8.7346658e-02,3.1406707e-03,8.9064968e-01]
9;2;4;[3.2421181e-04,1.2779140e-01,1.7074914e-01,1.6515458e-03,6.9948363e-01]
10;4;4;[2.57354404e-04,1.41323125e-02,7.67907426e-02,2.40962789e-03,9.06410038e-01]
11;4;4;[4.2198822e-04,9.5367081e-02,2.2107145e-01,1.9085406e-03,6.8123090e-01]
12;1;4;[4.7312092e-04,1.2429393e-01,1.8920568e-01,2.6979223e-03,6.8332928e-01]
13;3;3;[0.00074277,0.03033029,0.04877396,0.58230156,0.3378514 ]
2;4;4;[5.0433516e-04,3.5770566e-03,4.2621028e-02,1.3001921e-03,9.5199740e-01]
3;2;4;[5.2818470e-04,4.6020739e-02,1.1648987e-01,7.4690557e-04,8.3621424e-01]
4;4;4;[3.9402049e-04,6.7008333e-03,5.6142114e-02,1.1842053e-03,9.3557876e-01]
5;2;4;[5.48618496e-04,1.04746126e-01,1.73750818e-01,1.26714003e-03,7.19687283e-01]
6;4;4;[3.8763191e-04,9.7213164e-03,6.5291166e-02,1.8966842e-03,9.2270327e-01]
7;2;4;[6.1065512e-04,7.8334957e-02,2.0308423e-01,1.3802865e-03,7.1658993e-01]
8;4;4;[3.1623972e-04,1.8200394e-02,8.3599754e-02,3.2840546e-03,8.9459956e-01]
9;2;4;[3.3158879e-04,1.3265657e-01,1.7062899e-01,1.7166161e-03,6.9466627e-01]
10;4;4;[2.68977979e-04,1.46367345e-02,7.44445845e-02,2.48737028e-03,9.08162296e-01]
11;4;4;[4.4316845e-04,1.0043438e-01,2.2863290e-01,2.0563041e-03,6.6843319e-01]
12;1;4;[4.7433240e-04,1.3392128e-01,1.8773095e-01,2.7134873e-03,6.7515999e-01]
13;3;3;[0.00076083,0.03257085,0.05124252,0.54282284,0.37260297]
2;3;3;[3.3738947e-04,1.7862089e-02,6.8013654e-03,9.3551213e-01,3.9487053e-02]
2;3;3;[0.00325724,0.01543727,0.0334101 ,0.75009096,0.19780448]
2;1;1;[4.2044738e-04,4.7377017e-01,5.8091491e-02,3.6716675e-03,4.6404624e-01]
3;3;3;[9.7756216e-05,6.7611835e-03,2.5714643e-03,9.6658438e-01,2.3985190e-02]
2;2;4;[0.00229607,0.10335185,0.39466193,0.00266101,0.49702907]
3;4;4;[4.6427618e-04,8.5713500e-03,8.4936686e-02,2.0076586e-03,9.0402001e-01]
4;1;4;[4.0673904e-04,1.3623026e-01,1.8673801e-01,1.1652041e-03,6.7545980e-01]
5;3;3;[0.00080215,0.0219378 ,0.03404254,0.72671056,0.21650694]
2;4;4;[0.00246755,0.07200279,0.400115  ,0.00263939,0.52277523]
3;1;4;[0.00141644,0.11111466,0.22554418,0.00224479,0.6596799 ]
4;3;3;[2.2149057e-04,1.4038343e-02,8.2631195e-03,9.5147252e-01,2.6004570e-02]
2;1;4;[0.00225982,0.16645376,0.1800153 ,0.00399823,0.6472729 ]
3;3;3;[2.5484597e-04,1.1937633e-02,5.1814993e-03,9.5148569e-01,3.1140257e-02]
2;3;3;[5.9173378e-04,1.6445911e-02,1.0099694e-02,9.1273898e-01,6.0123716e-02]
2;3;3;[0.00287768,0.01503125,0.0300912 ,0.7702062 ,0.18179363]
2;2;4;[4.0252699e-04,3.8104439e-03,4.1517626e-02,1.3893765e-03,9.5288002e-01]
3;4;4;[2.9587030e-04,5.8207251e-03,8.3075695e-02,1.1071226e-03,9.0970057e-01]
4;4;4;[3.2941962e-04,1.4154509e-01,1.8249355e-01,1.3751249e-03,6.7425680e-01]
5;2;4;[3.3969691e-04,2.3234706e-01,1.4067547e-01,3.0564012e-03,6.2358135e-01]
6;2;4;[2.4210845e-04,1.2953819e-02,6.6032164e-02,5.0808815e-03,9.1569102e-01]
7;4;4;[2.6679671e-04,2.0644264e-02,1.3779393e-01,2.7084015e-03,8.3858657e-01]
8;1;4;[3.0254939e-04,1.4123131e-01,2.2100353e-01,2.0592702e-03,6.3540339e-01]
9;4;3;[2.4513938e-04,1.9057676e-02,1.6460979e-02,8.7683249e-01,8.7403767e-02]
10;1;1;[2.4523863e-04,4.5079195e-01,2.2108379e-01,2.0497628e-02,3.0738136e-01]
11;3;3;[1.4158928e-04,1.2042597e-02,8.6783059e-03,9.2651486e-01,5.2622661e-02]
2;3;3;[6.3274498e-04,1.6283868e-02,1.0576393e-02,9.0927130e-01,6.3235618e-02]
2;3;3;[5.4756494e-04,1.6634461e-02,9.5734196e-03,9.1653192e-01,5.6712661e-02]
2;4;4;[0.00225434,0.16673364,0.17974831,0.00399442,0.6472693 ]
3;1;4;[0.00075274,0.22457235,0.08075923,0.00215512,0.69176054]
4;3;3;[2.2518732e-04,8.8174632e-03,5.2152979e-03,9.4832510e-01,3.7416935e-02]
2;3;3;[0.0037682 ,0.01627892,0.03767676,0.72580165,0.21647449]
2;3;3;[3.9085283e-04,1.7495034e-02,7.5634089e-03,9.3044341e-01,4.4107214e-02]
2;3;3;[7.1507174e-04,1.5977219e-02,1.1503087e-02,9.0243977e-01,6.9364831e-02]
2;4;4;[0.00200799,0.17851737,0.16710033,0.00385732,0.64851695]
3;4;4;[6.5259641e-04,2.3392063e-01,7.4780568e-02,2.1267009e-03,6.8851948e-01]
4;4;4;[7.1567675e-04,1.6602010e-01,8.0029443e-02,2.4379545e-03,7.5079685e-01]
5;2;4;[0.00079678,0.16802429,0.09465398,0.00273612,0.73378885]
6;4;4;[2.7899013e-04,7.9591246e-03,4.3441582e-02,2.4421217e-03,9.4587821e-01]
7;1;4;[4.7257083e-04,8.3695360e-02,1.5339454e-01,1.4573757e-03,7.6098013e-01]
8;3;3;[3.03249428e-04,1.94242466e-02,1.13415625e-02,8.93884182e-01,7.50466958e-02]
2;4;4;[0.00078062,0.30350506,0.0919422 ,0.00326274,0.6005094 ]
3;4;4;[5.4527493e-04,1.7303056e-01,7.4454308e-02,2.2385584e-03,7.4973130e-01]
4;4;4;[6.5476535e-04,1.4395104e-01,9.1203511e-02,2.4267365e-03,7.6176387e-01]
5;1;4;[6.3679682e-04,1.6611324e-01,9.0349734e-02,2.8105476e-03,7.4008960e-01]
6;3;3;[5.8653264e-04,8.7130722e-03,8.8073881e-03,8.6165452e-01,1.2023853e-01]
2;4;4;[5.9502991e-04,4.0061353e-03,4.7206417e-02,1.3391334e-03,9.4685328e-01]
3;1;4;[6.7006075e-04,3.8726717e-02,1.3475481e-01,7.9403352e-04,8.2505435e-01]
4;3;3;[3.7248567e-04,2.4298213e-02,1.8006137e-02,8.7810808e-01,7.9215102e-02]
2;1;4;[0.00183326,0.16633955,0.35851336,0.00276538,0.47054848]
3;3;3;[0.00199456,0.02226682,0.04663658,0.7587588 ,0.17034331]
2;4;4;[5.5527088e-04,3.7936671e-03,4.4988677e-02,1.3121213e-03,9.4935024e-01]
3;1;4;[3.7387601e-04,2.8528556e-01,1.3847521e-01,1.4995136e-03,5.7436591e-01]
4;3;3;[3.0718127e-04,1.7998522e-02,1.1551707e-02,8.9645344e-01,7.3689073e-02]
2;4;4;[0.0018381 ,0.18736227,0.15802205,0.00376722,0.6490104 ]
3;1;4;[4.4115342e-04,3.6954847e-01,5.9744157e-02,2.5335304e-03,5.6773269e-01]
4;3;3;[2.3367217e-04,7.4149994e-03,3.7200979e-03,9.3824810e-01,5.0383125e-02]
2;3;3;[0.00385013,0.01642036,0.03834637,0.72202146,0.21936168]
2;1;4;[0.00107226,0.25384873,0.11347891,0.00339413,0.628206  ]
3;3;3;[2.0933579e-04,8.7742563e-03,4.8694201e-03,9.4980514e-01,3.6341932e-02]
2;3;3;[3.6636036e-04,1.7654091e-02,7.2188708e-03,9.3273634e-01,4.2024404e-02]
2;3;3;[3.7632068e-04,1.7588276e-02,7.3596975e-03,9.3180037e-01,4.2875394e-02]
2;3;3;[0.00354867,0.01590392,0.03587493,0.7358868 ,0.2087857 ]
2;3;3;[3.8386905e-04,1.7539460e-02,7.4657886e-03,9.3109417e-01,4.3516777e-02]
2;4;4;[6.5593200e-04,4.3969876e-03,5.0794337e-02,1.3838699e-03,9.4276881e-01]
3;1;4;[5.1331247e-04,2.0291750e-01,1.5701114e-01,1.3998569e-03,6.3815826e-01]
4;3;3;[6.3430879e-04,2.2310460e-02,2.1854615e-02,8.1970704e-01,1.3549355e-01]
2;3;3;[0.00486473,0.01831207,0.04727709,0.6722721 ,0.25727403]
2;3;3;[0.00301524,0.01513566,0.031263  ,0.76311505,0.18747112]
2;3;3;[0.00401851,0.01670609,0.03972353,0.714295  ,0.22525683]
2;3;3;[0.00308407,0.01521673,0.03187799,0.75933874,0.19048242]
2;3;3;[4.9987796e-04,1.6851602e-02,8.9894058e-03,9.2070836e-01,5.2950725e-02]
2;3;3;[0.00371441,0.01618767,0.0372399 ,0.7282523 ,0.21460563]
2;3;3;[0.00270281,0.01494619,0.02864024,0.7790867 ,0.17462409]
2;3;3;[8.5929374e-04,1.5643062e-02,1.2977219e-02,8.9124727e-01,7.9273157e-02]
2;3;3;[3.9897076e-04,1.7444292e-02,7.6762354e-03,9.2969042e-01,4.4790078e-02]
2;3;3;[0.00352466,0.0158622 ,0.03567421,0.7370124 ,0.20792657]
2;3;3;[3.9578651e-04,1.7464083e-02,7.6320595e-03,9.2998540e-01,4.4522654e-02]
2;3;3;[0.00290269,0.01504789,0.03030214,0.7689407 ,0.18280663]
2;3;3;[0.00322458,0.0153939 ,0.03312203,0.7518276 ,0.19643193]
2;4;4;[7.1340648e-04,4.8028748e-03,5.4220390e-02,1.4226472e-03,9.3884069e-01]
3;4;4;[7.1035209e-04,7.6954931e-02,1.5495569e-01,9.9287555e-04,7.6638621e-01]
4;1;1;[4.0009120e-04,4.4565839e-01,1.1094242e-01,3.3035679e-03,4.3969554e-01]
5;3;3;[1.5060816e-04,8.8145966e-03,5.5376221e-03,9.5376074e-01,3.1736348e-02]
2;3;3;[5.4750568e-04,1.6634721e-02,9.5727071e-03,9.1653717e-01,5.6708034e-02]
2;3;3;[5.214073e-04,1.675076e-02,9.254968e-03,9.188145e-01,5.465842e-02]
2;3;3;[0.00205492,0.01474605,0.02342766,0.8132801 ,0.14649135]
2;4;4;[4.9023784e-04,3.5585791e-03,4.2221952e-02,1.3040678e-03,9.5242512e-01]
3;4;4;[5.3650659e-04,3.0909061e-02,1.1512007e-01,7.1320019e-04,8.5272121e-01]
4;4;4;[6.9333991e-04,4.1022778e-02,1.1099683e-01,1.3204298e-03,8.4596658e-01]
5;1;4;[0.00072212,0.18986338,0.12249537,0.00262243,0.6842967 ]
6;3;3;[2.5392434e-04,1.3217730e-02,1.0930106e-02,8.9979666e-01,7.5801656e-02]
2;3;3;[8.6601271e-04,1.5629314e-02,1.3043278e-02,8.9073962e-01,7.9721831e-02]
2;3;3;[0.00282944,0.01500033,0.0296848 ,0.77265024,0.17983525]
2;3;3;[8.6107466e-04,1.5639422e-02,1.2994744e-02,8.9111251e-01,7.9392187e-02]
2;3;3;[0.00360766,0.01600545,0.03636696,0.73313504,0.21088491]
2;3;3;[0.0040344 ,0.01673244,0.03985614,0.7135464 ,0.22583066]
2;3;3;[5.3376437e-04,1.6695241e-02,9.4060414e-03,9.1773278e-01,5.5632096e-02]
2;3;3;[0.00219253,0.01482195,0.02456635,0.80562186,0.1527973 ]
2;4;4;[4.8822831e-04,3.5572927e-03,4.2164002e-02,1.3050063e-03,9.5248544e-01]
3;1;4;[5.3852546e-04,3.4144193e-02,1.1576461e-01,7.2282273e-04,8.4882981e-01]
4;3;3;[6.0652720e-04,2.0995857e-02,2.3960523e-02,8.1522071e-01,1.3921642e-01]
2;3;3;[7.1268127e-04,1.5985794e-02,1.1476722e-02,9.0263569e-01,6.9189131e-02]
2;3;3;[4.5994562e-04,1.7058073e-02,8.4895212e-03,9.2420626e-01,4.9786232e-02]
2;3;3;[0.00560909,0.0199983 ,0.05486828,0.62839997,0.2911244 ]
2;3;3;[0.00322855,0.0153992 ,0.0331571 ,0.75161594,0.19659922]
2;3;3;[0.00260499,0.01492473,0.02785276,0.7840434 ,0.17057419]
2;3;3;[5.2194664e-04,1.6748300e-02,9.2615820e-03,9.1876715e-01,5.4700997e-02]
2;4;4;[6.4471184e-04,4.3196711e-03,5.0130475e-02,1.3761318e-03,9.4352901e-01]
3;1;4;[4.6767003e-04,2.4916393e-01,1.5455045e-01,1.5151193e-03,5.9430283e-01]
4;3;3;[5.2974821e-04,2.0864446e-02,1.7483458e-02,8.4599906e-01,1.1512325e-01]
2;3;3;[0.00394511,0.01658401,0.03912044,0.71767336,0.22267713]
2;4;4;[0.00174589,0.19297029,0.15296192,0.00372368,0.64859825]
3;1;4;[4.7030719e-04,3.2103258e-01,6.2864602e-02,2.3885276e-03,6.1324394e-01]
4;3;3;[2.2947569e-04,6.0460754e-03,3.6682966e-03,9.4803649e-01,4.2019542e-02]
2;3;3;[0.00256555,0.01491537,0.02753241,0.7860744 ,0.16891222]
2;4;3;[6.2923942e-04,1.6297385e-02,1.0536044e-02,9.0956581e-01,6.2971577e-02]
3;1;4;[0.00050237,0.38700572,0.13932383,0.01951749,0.45365053]
4;4;3;[3.7104779e-04,1.2753698e-02,9.1104377e-03,9.1146582e-01,6.6299006e-02]
5;4;4;[0.00086452,0.31773654,0.19620998,0.11797214,0.36721683]
6;4;4;[0.00073547,0.34475586,0.20682071,0.09814049,0.34954745]
7;1;1;[0.00079251,0.34601942,0.2102468 ,0.1068327 ,0.33610862]
8;3;3;[0.00080509,0.03356965,0.03425509,0.79481494,0.13655515]
2;3;3;[0.00262235,0.01492876,0.02799305,0.7831585 ,0.17129731]
2;1;4;[0.00157448,0.20346697,0.33765727,0.00285289,0.45444837]
3;3;3;[0.00150896,0.02146029,0.03697801,0.8012832 ,0.13876954]
2;2;4;[0.00180135,0.18943882,0.1560787 ,0.00374773,0.64893335]
3;4;4;[3.0079865e-04,4.3268665e-03,4.0579095e-02,1.4520829e-03,9.5334113e-01]
4;1;4;[4.5423338e-04,6.0897492e-02,1.3902630e-01,9.8806166e-04,7.9863393e-01]
5;3;3;[0.0012988 ,0.01962219,0.03837321,0.5740756 ,0.3666303 ]
2;3;3;[0.0028889 ,0.01503874,0.03018587,0.76963794,0.18224852]
2;3;3;[0.00365217,0.01608166,0.03673369,0.731084  ,0.21244855]
2;3;3;[0.00411909,0.01687719,0.04056548,0.7096248 ,0.22881342]
