Starting time: 14.08.24-20.32

Hyperopt trials
tid,loss,learning_rate,n_modules,batch_size,time,n_epochs,n_params,perf_time
0,0.117593,0.003147,2,7,156.353,21,26068,156.350057
1,0.091341,0.000636,3,8,311.243,21,66580,311.240019
2,0.108589,0.000406,3,8,314.011,21,66580,314.007949
3,0.117593,0.000027,1,8,54.838,21,3988,54.836624
4,0.091341,0.002404,2,8,150.984,21,26068,150.981570
5,0.108589,0.000110,2,7,157.493,21,26068,157.490250
6,0.117376,0.003865,1,8,51.479,21,3988,51.476668
7,0.105335,0.000303,3,7,322.582,21,66580,322.578719
8,0.117593,0.000025,1,7,59.62,21,3988,59.617477
9,0.108589,0.000269,1,7,58.977,21,3988,58.974555
10,0.108535,0.002841,3,7,321.279,21,66580,321.276981
11,0.107341,0.000141,1,7,58.547,21,3988,58.545206
12,0.108589,0.000084,2,7,155.572,21,26068,155.568993
13,0.107341,0.002552,1,8,61.447,21,3988,61.445705
14,0.116671,0.000117,1,7,64.015,21,3988,64.012343
15,0.107341,0.000020,1,7,64.866,21,3988,64.862492
16,0.105335,0.000136,3,8,313.933,21,66580,313.930689
17,0.108589,0.000161,1,8,51.59,21,3988,51.588207
18,0.105335,0.001214,1,7,59.314,21,3988,59.310838
19,0.117593,0.000687,1,8,54.232,21,3988,54.229975

Best parameters:{'batch_size': 9, 'embedding_size': 9, 'input_length': 185, 'learning_rate': 0.0006357579272687451, 'model_type': 'ACT', 'n_classes': 17, 'n_modules': 3, 'vocab_size': 17}

Model parameters: 66580
Best Time taken: 311.240019
Brier score: 1.544155
Accuracy: 0.227922[[  0,   0,   0,   0,   0,   0,   0,   0,   0,   0, 275,   0,   0,   0,
    0,   0,   0],
 [  0,   0,   0,   0,   0,   0,   0,   0,   0,   0,  41,   0,   0,   0,
    0,   0,   0],
 [  0,   0,   0,   0,   0,   0,   0,   0,   0,   0, 143,   0,   0,   0,
    0,   0,   0],
 [  0,   0,   0,   0,   0,   0,   0,   0,   0,   0,  21,   0,   0,   0,
    0,   0,   0],
 [  0,   0,   0,   0,   0,   0,   0,   0,   0,   0,   2,   0,   0,   0,
    0,   0,   0],
 [  0,   0,   0,   0,   0,   0,   0,   0,   0,   0, 206,   0,   0,   0,
    0,   0,   0],
 [  0,   0,   0,   0,   0,   0,   0,   0,   0,   0,   8,   0,   0,   0,
    0,   0,   0],
 [  0,   0,   0,   0,   0,   0,   0,   0,   0,   0,   5,   0,   0,   0,
    0,   0,   0],
 [  0,   0,   0,   0,   0,   0,   0,   0,   0,   0,  22,   0,   0,   0,
    0,   0,   0],
 [  0,   0,   0,   0,   0,   0,   0,   0,   0,   0,   7,   0,   0,   0,
    0,   0,   0],
 [  0,   0,   0,   0,   0,   0,   0,   0,   0,   0, 622,   0,   0,   0,
    0,   0,   0],
 [  0,   0,   0,   0,   0,   0,   0,   0,   0,   0, 235,   0,   0,   0,
    0,   0,   0],
 [  0,   0,   0,   0,   0,   0,   0,   0,   0,   0, 130,   0,   0,   0,
    0,   0,   0],
 [  0,   0,   0,   0,   0,   0,   0,   0,   0,   0, 639,   0,   0,   0,
    0,   0,   0],
 [  0,   0,   0,   0,   0,   0,   0,   0,   0,   0, 210,   0,   0,   0,
    0,   0,   0],
 [  0,   0,   0,   0,   0,   0,   0,   0,   0,   0, 158,   0,   0,   0,
    0,   0,   0],
 [  0,   0,   0,   0,   0,   0,   0,   0,   0,   0,   5,   0,   0,   0,
    0,   0,   0]]

Final Brier score:  [1.5441554]
Final Accuracy score:  [0.22792231586661782]

MCC: 0.0
Weighted Precision: 0.0519485820700023
Weighted Recall: 0.22792231586661782
Weighted F1: 0.08461216381321175