Starting time: 13.08.24-19.57

Hyperopt trials
tid,loss,learning_rate,n_modules,batch_size,time,n_epochs,n_params,perf_time
0,0.030182,0.003147,2,7,190.198,36,26068,190.194045
1,0.029803,0.000636,3,8,829.364,81,66580,829.359826
2,0.030104,0.000406,3,8,1166.771,114,66580,1166.768477
3,0.048385,0.000027,1,8,338.976,200,3988,338.973404
4,0.030214,0.002404,2,8,315.893,64,26068,315.888132
5,0.030290,0.000110,2,7,1022.54,200,26068,1022.535814
6,0.030242,0.003865,1,8,103.745,60,3988,103.741579
7,0.029880,0.000303,3,7,741.994,71,66580,741.990453
8,0.043903,0.000025,1,7,374.472,200,3988,374.468275
9,0.029969,0.000269,1,7,375.225,200,3988,375.222182
10,0.029663,0.002841,3,7,376.529,36,66580,376.525030
11,0.031010,0.000141,1,7,372.733,200,3988,372.729954
12,0.030302,0.000084,2,7,1026.988,200,26068,1026.985754
13,0.030646,0.002552,1,8,127.163,73,3988,127.160705
14,0.031269,0.000117,1,7,377.48,200,3988,377.476916
15,0.045001,0.000020,1,7,380.484,200,3988,380.481587
16,0.030182,0.000136,3,8,2043.924,200,66580,2043.921054
17,0.032082,0.000161,1,8,338.643,200,3988,338.640106
18,0.030302,0.001214,1,7,165.545,86,3988,165.541817
19,0.029925,0.000687,1,8,288.818,169,3988,288.813534

Best parameters:{'batch_size': 8, 'embedding_size': 9, 'input_length': 185, 'learning_rate': 0.002841123150877313, 'model_type': 'ACT', 'n_classes': 17, 'n_modules': 3, 'vocab_size': 17}

Model parameters: 66580
Best Time taken: 376.525030
Brier score: 0.504739
Accuracy: 0.609381[[368,  62,   0,  25, 152,  10,   0,   0,   1,  10,   0,   0,   0,   0,
    0,   0,  11],
 [ 34,  56,   0,   6,  34,   0,   0,   0,   0,   0,   0,   0,   0,   0,
    0,   0,   0],
 [  2,   3,   0,   0,   3,   0,   0,   0,   0,   0,   0,   0,   0,   0,
    0,   0,   0],
 [ 30,  11,   0, 144,  28,   9,   0,   0,   4,   3,   0,   0,   1,   3,
    0,   0,   2],
 [119,  52,   0,  19, 411,   3,   0,   0,   2,   7,   0,   0,   0,   0,
    0,   0,   9],
 [ 70,   1,   0,  16,  50, 110,   0,   0,   1,  16,   0,   0,   0,   4,
    0,   0,   7],
 [  1,   3,   0,   0,   1,   0,   0,   0,   0,   0,   0,   0,   0,   0,
    0,   0,   0],
 [  0,   0,   0,   0,   0,   0,   0,   4,   0,   0,   0,   0,   0,   0,
    0,   0,   1],
 [ 27,   0,   0,  11,  15,   5,   0,   0,  65,  18,   0,   0,   0,   0,
    0,   0,   2],
 [  6,   0,   0,   1,   1,   4,   0,   0,  14, 132,   0,   0,   0,   0,
    0,   0,   0],
 [  0,   4,   0,   0,   3,   0,   0,   0,   0,   0,   0,   0,   0,   0,
    0,   0,   0],
 [  1,   0,   0,   1,   0,   0,   0,   0,   0,   0,   0,   0,   0,   0,
    0,   0,   0],
 [  4,   1,   0,  10,   5,   1,   0,   0,   0,   0,   0,   0,   0,   0,
    0,   0,   1],
 [ 10,   0,   0,  17,   5,  15,   0,   0,   8,   2,   0,   0,   0, 153,
    0,   0,   0],
 [  0,   0,   0,   0,   0,   0,   0,   0,   0,   0,   0,   0,   0,  41,
    0,   0,   0],
 [  0,   0,   0,   0,   0,   1,   0,   0,   0,   0,   0,   0,   0,   0,
    0,  20,   0],
 [  1,   0,   0,   2,   1,   2,   0,   0,   0,   0,   0,   0,   0,   0,
    0,   0, 200]]

Final Brier score:  [0.50473875]
Final Accuracy score:  [0.609380725540491]

MCC: 0.5406951517598555
Weighted Precision: 0.6018677506469106
Weighted Recall: 0.609380725540491
Weighted F1: 0.598525432140355