Starting time: 12.08.24-20.37

Hyperopt trials
tid,loss,learning_rate,n_modules,batch_size,time,n_epochs,n_params,perf_time
0,0.030029,0.003147,2,7,394.453,36,26068,394.450611
1,0.030045,0.000636,3,8,1750.466,81,66580,1750.463081
2,0.030099,0.000406,3,8,2116.872,97,66580,2116.868928
3,0.045418,0.000027,1,8,693.606,200,3988,693.603412
4,0.030064,0.002404,2,8,496.598,48,26068,496.594345
5,0.030272,0.000110,2,7,2150.375,200,26068,2150.372772
6,0.031066,0.003865,1,8,296.461,79,3988,296.458090
7,0.030163,0.000303,3,7,1636.401,73,66580,1636.398758
8,0.041844,0.000025,1,7,811.549,200,3988,811.546268
9,0.031433,0.000269,1,7,865.572,200,3988,865.568206
10,0.029932,0.002841,3,7,674.154,30,66580,674.148220
11,0.032057,0.000141,1,7,765.401,200,3988,765.398372
12,0.030990,0.000084,2,7,2152.8,200,26068,2152.796415
13,0.030935,0.002552,1,8,256.0,74,3988,255.996878
14,0.033077,0.000117,1,7,795.978,200,3988,795.976047
15,0.043758,0.000020,1,7,932.133,200,3988,932.131163
16,0.030213,0.000136,3,8,4654.483,200,66580,4654.479559
17,0.031962,0.000161,1,8,685.324,200,3988,682.516929
18,0.030640,0.001214,1,7,438.433,113,3988,438.429041
19,0.031326,0.000687,1,8,516.282,150,3988,516.278563

Best parameters:{'batch_size': 8, 'embedding_size': 9, 'input_length': 185, 'learning_rate': 0.002841123150877313, 'model_type': 'ACT', 'n_classes': 17, 'n_modules': 3, 'vocab_size': 17}

Model parameters: 66580
Best Time taken: 674.148220
Brier score: 0.504497
Accuracy: 0.612312[[198,   1,   0,   2,   0,   0,   4,   0,   0,   0,   0,   0,   0,   0,
    0,   0,   1],
 [  8, 378,   0, 172,  19,   0,  22,   0,   0,   1,   8,   0,   0,   0,
    0,   0,  14],
 [  0,   1,   4,   0,   0,   0,   0,   0,   0,   0,   0,   0,   0,   0,
    0,   0,   0],
 [ 10, 123,   0, 436,  31,   1,  18,   0,   0,   0,  11,   0,   0,   0,
    0,   0,   9],
 [  0,  23,   0,  61,  33,   1,   3,   0,   0,   0,   0,   0,   0,   0,
    0,   0,   9],
 [  0,   2,   0,  13,   0, 108,  18,   1,   0,  11,   1,   0,   0,   0,
    0,  42,  14],
 [  8,  41,   0,  75,   1,   0, 125,   0,   0,   0,  16,   0,   0,   0,
    0,   0,   9],
 [  0,   3,   0,   5,   0,   0,   2,   0,   0,   1,   0,   0,   0,   0,
    0,   0,  11],
 [  0,   3,   0,   1,   1,   0,   0,   0,   0,   0,   0,   0,   0,   0,
    0,   0,   0],
 [  2,   5,   0,  37,   0,   0,   4,   0,   0,  84,   1,   0,   0,   0,
    0,   0,  10],
 [  1,   1,   0,   6,   0,   1,   2,   0,   0,  20, 127,   0,   0,   0,
    0,   0,   0],
 [  0,   3,   0,   2,   3,   0,   0,   0,   0,   0,   0,   0,   0,   0,
    0,   0,   0],
 [  0,   0,   0,   0,   0,   0,   1,   0,   0,   0,   0,   0,  20,   0,
    0,   0,   0],
 [  0,   0,   0,   0,   0,   0,   1,   0,   0,   0,   0,   0,   0,   0,
    0,   0,   1],
 [  0,   2,   0,   4,   1,   0,   0,   0,   0,   0,   0,   0,   0,   0,
    0,   0,   0],
 [  0,   0,   0,   0,   0,  22,   0,   0,   0,   0,   0,   0,   0,   0,
    0,  19,   0],
 [  1,  19,   0,  44,   1,   0,  14,   0,   0,  14,   3,   0,   0,   0,
    0,   0, 139]]

Final Brier score:  [0.5044969]
Final Accuracy score:  [0.6123122022718944]

MCC: 0.5428834714705575
Weighted Precision: 0.6127534355324175
Weighted Recall: 0.6123122022718944
Weighted F1: 0.6050416788973186