Starting time: 13.08.24-09.47

Hyperopt trials
tid,loss,learning_rate,n_modules,batch_size,time,n_epochs,n_params,perf_time
0,0.030090,0.003147,2,7,353.386,31,26068,353.383184
1,0.030094,0.000636,3,8,1805.099,82,66580,1805.094905
2,0.030003,0.000406,3,8,1990.03,90,66580,1990.024409
3,0.045313,0.000027,1,8,794.459,200,3988,794.455490
4,0.030032,0.002404,2,8,516.382,48,26068,516.377827
5,0.030226,0.000110,2,7,2256.316,200,26068,2256.312936
6,0.030935,0.003865,1,8,334.594,90,3988,334.590351
7,0.030083,0.000303,3,7,1571.863,69,66580,1571.859764
8,0.043405,0.000025,1,7,855.397,200,3988,855.393301
9,0.031544,0.000269,1,7,989.416,200,3988,989.412808
10,0.029694,0.002841,3,7,702.277,31,66580,702.270737
11,0.032510,0.000141,1,7,809.422,200,3988,809.419523
12,0.030963,0.000084,2,7,2219.45,200,26068,2219.446761
13,0.030456,0.002552,1,8,408.459,106,3988,408.454584
14,0.032997,0.000117,1,7,807.622,200,3988,807.619786
15,0.044308,0.000020,1,7,825.708,200,3988,825.704055
16,0.030077,0.000136,3,8,4595.173,200,66580,4595.163404
17,0.033424,0.000161,1,8,759.894,200,3988,759.890300
18,0.031244,0.001214,1,7,375.029,91,3988,375.026374
19,0.030820,0.000687,1,8,626.523,165,3988,626.518870

Best parameters:{'batch_size': 8, 'embedding_size': 9, 'input_length': 185, 'learning_rate': 0.002841123150877313, 'model_type': 'ACT', 'n_classes': 17, 'n_modules': 3, 'vocab_size': 17}

Model parameters: 66580
Best Time taken: 702.270737
Brier score: 0.523026
Accuracy: 0.606083[[124,   0,   3,  20,   0,   1,   3,   0,   0,   0,   0,   0,   0,   0,
    7,   0,   0],
 [  0,   0,   5,   0,   0,   0,   0,   0,   0,   0,   2,   0,   0,   0,
    0,   0,   0],
 [  4,   0, 426,   1,   0,  11,   1,   0,   0,  12,  57,   0,   0,   0,
  127,   0,   0],
 [  1,   0,  23,  86,   0,   7,   6,   0,   0,   2,   0,   0,   0,   0,
   18,   0,   0],
 [  0,   0,   3,   0,   0,   0,   0,   0,   0,   0,   3,   0,   0,   0,
    2,   0,   0],
 [  1,   0,  56,  14,   0, 130,   9,   0,   0,   2,   9,   0,   0,   0,
   14,   0,   0],
 [ 10,   0,  87,   1,   0,  12,  96,   0,   0,   9,   0,   0,   0,   0,
   60,   0,   0],
 [  0,   0,   0,   0,   0,   0,   0,  20,   0,   0,   0,  21,   0,   0,
    0,   0,   0],
 [  0,   0,   1,   0,   0,   1,   0,   0,   0,   0,   0,   0,   0,   0,
    0,   0,   0],
 [  0,   0,   1,   0,   0,   0,   3,   0,   0, 202,   0,   0,   0,   0,
    0,   0,   0],
 [  0,   0,  61,   0,   0,   7,   0,   0,   0,   0,  48,   0,   0,   0,
   14,   0,   0],
 [  1,   0,  11,  12,   0,  16,  13,  40,   0,   0,   0, 112,   0,   0,
    5,   0,   0],
 [  0,   0,   0,   0,   0,   0,   0,   0,   0,   0,   3,   0,   0,   0,
    2,   0,   0],
 [  0,   0,   3,   0,   0,  11,   1,   0,   0,   1,   0,   0,   0,   0,
    6,   0,   0],
 [  5,   0, 172,   0,   0,  14,   1,   0,   0,  11,  33,   0,   0,   0,
  386,   0,   0],
 [  0,   0,   0,   0,   0,   0,   1,   0,   0,   0,   0,   0,   0,   0,
    0,  20,   0],
 [  0,   0,   0,   0,   0,   0,   0,   0,   0,   0,   0,   0,   0,   0,
    1,   0,   4]]

Final Brier score:  [0.52302635]
Final Accuracy score:  [0.6060828142176622]

MCC: 0.5358128980075515
Weighted Precision: 0.6203040370145401
Weighted Recall: 0.6060828142176622
Weighted F1: 0.6003097753080802