Starting time: 13.08.24-03.15

Hyperopt trials
tid,loss,learning_rate,n_modules,batch_size,time,n_epochs,n_params,perf_time
0,0.029658,0.003147,2,7,468.613,43,26068,468.609225
1,0.030052,0.000636,3,8,1529.355,68,66580,1529.352122
2,0.029943,0.000406,3,8,2184.931,100,66580,2184.926675
3,0.046698,0.000027,1,8,678.634,200,3988,678.630800
4,0.029943,0.002404,2,8,603.847,59,26068,603.843513
5,0.030710,0.000110,2,7,2136.549,200,26068,2136.546015
6,0.030964,0.003865,1,8,304.374,78,3988,304.370237
7,0.030111,0.000303,3,7,1501.408,68,66580,1501.404655
8,0.043606,0.000025,1,7,771.041,200,3988,771.037214
9,0.031336,0.000269,1,7,766.052,200,3988,766.048458
10,0.030001,0.002841,3,7,949.573,43,66580,949.569504
11,0.032379,0.000141,1,7,784.169,200,3988,784.165967
12,0.030902,0.000084,2,7,2133.65,200,26068,2133.646847
13,0.030889,0.002552,1,8,460.498,140,3988,460.495923
14,0.032821,0.000117,1,7,729.453,200,3988,729.450674
15,0.045688,0.000020,1,7,729.207,200,3988,729.203906
16,0.029905,0.000136,3,8,4217.065,200,66580,4217.056783
17,0.033546,0.000161,1,8,707.891,200,3988,707.886848
18,0.030840,0.001214,1,7,634.162,160,3988,634.158962
19,0.030788,0.000687,1,8,689.312,200,3988,689.308901

Best parameters:{'batch_size': 8, 'embedding_size': 9, 'input_length': 185, 'learning_rate': 0.0031469953191648947, 'model_type': 'ACT', 'n_classes': 17, 'n_modules': 2, 'vocab_size': 17}

Model parameters: 26068
Best Time taken: 468.609225
Brier score: 0.514232
Accuracy: 0.611579[[ 35,   0,   0,  65,   0,   2,   0,   1,   6,   0,   0,   0,   0,   0,
   21,   0,   0],
 [  0, 138,   0,  14,  13,  12,   0,   0,   3,   0,  12,   0,   0,   0,
   17,   1,   0],
 [  1,   0,   0,   5,   0,   0,   0,   0,   1,   0,   0,   0,   0,   0,
    0,   0,   0],
 [ 42,   1,   0, 462,   0,  15,   0,  17,  58,   0,   2,   0,   0,   0,
   32,  10,   0],
 [  0,  35,   0,   0,   5,   0,   0,   1,   0,   0,   0,   0,   0,   0,
    0,   0,   0],
 [  1,   7,   0,  88,   0, 106,   0,  10,  33,   0,   1,   1,   0,   0,
   12,  16,   0],
 [  0,   0,   0,   0,   0,   0,   0,   0,   0,   0,   0,   0,   0,   0,
    2,   0,   0],
 [  1,   0,   0,   1,   0,   2,   0, 202,   0,   0,   0,   0,   0,   0,
    0,   0,   0],
 [ 31,   0,   0, 194,   0,  14,   0,  14, 344,   0,   2,   0,   0,   0,
   16,   7,   0],
 [  2,   0,   0,   1,   0,   0,   0,   0,   2,   0,   0,   0,   0,   0,
    0,   0,   0],
 [  0,   2,   0,  40,   0,   2,   0,   2,   0,   0,  84,   0,   0,   0,
   10,   3,   0],
 [  2,   1,   0,   3,   0,   0,   0,   0,   1,   0,   1,   0,   0,   0,
    0,   0,   0],
 [  1,   0,   0,   5,   0,   1,   0,   1,   2,   0,   0,   0,   0,   0,
   12,   0,   0],
 [  0,   0,   0,   0,   0,   0,   0,   0,   1,   0,   0,   0,   0,   4,
    0,   0,   0],
 [  6,   4,   0,  47,   0,  12,   0,   3,  10,   0,   9,   0,   0,   0,
  142,   2,   0],
 [  0,   0,   0,   8,   0,   2,   0,   0,   1,   0,  20,   0,   0,   0,
    0, 127,   0],
 [  0,   0,   0,   0,   0,   1,   0,   0,   0,   0,   0,   0,   0,   0,
    0,   0,  20]]

Final Brier score:  [0.5142315]
Final Accuracy score:  [0.6115793330890436]

MCC: 0.5466674042041911
Weighted Precision: 0.6176734591286538
Weighted Recall: 0.6115793330890436
Weighted F1: 0.6019410851631408