prefix_length;ground_truth;predicted;prediction_probs
2;0;0;[9.7494280e-01,2.2269670e-02,1.4120593e-03,3.8355775e-04,9.9180581e-04]
2;0;0;[9.7865683e-01,1.8696696e-02,1.4300209e-03,3.2705371e-04,8.8928884e-04]
2;0;0;[9.4700658e-01,4.9137507e-02,2.1720703e-03,4.8247381e-04,1.2014454e-03]
2;1;1;[2.7274915e-03,5.5487472e-01,2.7718619e-01,1.6506302e-01,1.4859643e-04]
3;1;1;[0.00373232,0.51228964,0.42169905,0.06146703,0.00081191]
4;2;2;[0.0037288 ,0.45763287,0.51524734,0.02286923,0.00052175]
5;0;0;[9.1216522e-01,1.5823688e-02,2.4355936e-03,3.1452923e-04,6.9261037e-02]
2;1;1;[2.3128851e-03,5.7982159e-01,2.7597800e-01,1.4178339e-01,1.0407566e-04]
3;2;1;[1.3699790e-03,6.8912005e-01,2.1231271e-01,9.6879482e-02,3.1779503e-04]
4;0;0;[9.0779525e-01,4.0687896e-02,1.6789015e-03,4.4207310e-04,4.9395982e-02]
2;0;0;[9.5522571e-01,4.1462503e-02,2.1433106e-03,4.3834338e-04,7.3008402e-04]
2;1;1;[9.6583815e-04,9.3123275e-01,2.9132289e-03,6.4857975e-02,3.0207451e-05]
3;1;1;[0.00153794,0.67539483,0.13625309,0.18420912,0.00260493]
4;1;1;[3.6567950e-03,7.8501588e-01,9.6841291e-02,1.1441912e-01,6.6921435e-05]
5;1;2;[5.8122571e-03,3.9953136e-01,4.6947560e-01,1.2504435e-01,1.3646559e-04]
6;1;1;[3.0694050e-03,5.1553386e-01,2.4361537e-01,2.3772681e-01,5.4588480e-05]
7;3;1;[3.5128398e-03,4.9235994e-01,1.9661862e-01,3.0742431e-01,8.4301188e-05]
8;1;1;[9.1524102e-04,9.6580315e-01,2.2836577e-03,3.0954206e-02,4.3722208e-05]
9;1;1;[1.23923982e-03,6.62603557e-01,1.11943096e-01,2.23835334e-01,3.78726312e-04]
10;1;1;[3.5333317e-03,7.0797330e-01,7.3154017e-02,2.1526736e-01,7.1960654e-05]
11;1;1;[4.2326017e-03,6.0228676e-01,1.6803594e-01,2.2536592e-01,7.8806610e-05]
12;3;1;[3.84505908e-03,6.74651980e-01,1.08298294e-01,2.13128269e-01,7.63969147e-05]
13;1;1;[6.1932357e-04,9.7661817e-01,2.6953628e-03,2.0041754e-02,2.5428008e-05]
14;1;1;[9.3417492e-04,6.5171814e-01,1.4441611e-01,2.0269418e-01,2.3739034e-04]
15;2;1;[6.3953204e-03,6.8351233e-01,1.3781576e-01,1.7221248e-01,6.4094580e-05]
16;0;0;[0.8302761 ,0.16547014,0.00184451,0.0013274 ,0.00108191]
2;2;1;[0.00474343,0.5860958 ,0.35028702,0.05736323,0.00151053]
3;0;0;[9.5108235e-01,2.6721915e-02,2.9780364e-03,5.8446574e-04,1.8633323e-02]
2;0;0;[9.7160989e-01,2.5772562e-02,1.4378126e-03,4.6299296e-04,7.1671093e-04]
2;0;0;[9.5030117e-01,4.6460427e-02,2.3302471e-03,4.3583850e-04,4.7222999e-04]
2;0;0;[9.7072023e-01,2.6787501e-02,1.5784031e-03,4.3286246e-04,4.8089659e-04]
2;1;1;[3.02749895e-03,5.03837347e-01,3.92997086e-01,1.00016497e-01,1.21540004e-04]
3;1;1;[8.5936079e-04,6.2008429e-01,2.8702611e-01,9.1889039e-02,1.4116504e-04]
4;2;1;[0.00315639,0.52173835,0.43151078,0.04306062,0.00053386]
5;0;0;[9.5447522e-01,5.8949664e-03,9.0402074e-04,9.3483628e-05,3.8632262e-02]
2;0;0;[9.8974168e-01,8.4488038e-03,1.3222083e-03,1.7596026e-04,3.1136634e-04]
2;2;1;[2.9449726e-03,5.7521886e-01,2.4960367e-01,1.7214832e-01,8.4126768e-05]
3;0;0;[9.7366965e-01,1.7761424e-02,1.4395359e-03,2.0264625e-04,6.9266823e-03]
2;1;1;[2.9416720e-03,5.7585561e-01,2.4900374e-01,1.7211503e-01,8.3956533e-05]
3;1;1;[1.5402967e-03,6.7274833e-01,2.3394839e-01,9.1470249e-02,2.9274999e-04]
4;2;1;[1.0696988e-03,6.9556534e-01,2.5147346e-01,5.1671546e-02,2.1989713e-04]
5;0;0;[9.2932647e-01,1.4196642e-02,9.4086083e-04,1.9829012e-04,5.5337649e-02]
2;1;1;[1.0455548e-03,9.3249691e-01,3.0013034e-03,6.3433670e-02,2.2459632e-05]
3;3;1;[0.00092094,0.77166456,0.09000549,0.13661116,0.00079794]
4;1;1;[3.8566583e-04,9.2288333e-01,2.1057003e-03,7.4603736e-02,2.1584010e-05]
5;2;1;[0.00193733,0.5784564 ,0.21271254,0.2047038 ,0.00218995]
6;0;0;[9.7616029e-01,2.1942366e-02,1.1460491e-03,2.2891216e-04,5.2241993e-04]
2;0;0;[9.7381026e-01,2.3712464e-02,1.5781134e-03,3.6657185e-04,5.3257367e-04]
2;2;1;[5.6812577e-03,4.9118122e-01,4.1467315e-01,8.8352539e-02,1.1189060e-04]
3;0;0;[9.4600654e-01,3.8346719e-02,2.0106088e-03,8.5540558e-04,1.2780780e-02]
2;0;0;[8.5333300e-01,1.4060813e-01,4.0422175e-03,1.5389149e-03,4.7771618e-04]
2;0;0;[9.7332102e-01,2.2716032e-02,1.4685183e-03,2.9143694e-04,2.2030654e-03]
2;0;0;[9.8686206e-01,1.0404441e-02,1.0888469e-03,1.6528387e-04,1.4794116e-03]
2;1;1;[1.3626738e-03,9.4343138e-01,3.9473563e-03,5.1161978e-02,9.6580683e-05]
3;1;1;[0.00222205,0.67331755,0.15669145,0.15939447,0.00837441]
4;3;1;[2.8265917e-03,7.3220176e-01,1.9102111e-01,7.3745377e-02,2.0517349e-04]
5;1;1;[1.0319639e-03,9.3677264e-01,2.6348780e-03,5.9443545e-02,1.1696275e-04]
6;1;1;[0.00193272,0.5666129 ,0.12779273,0.3030611 ,0.00060048]
7;1;1;[2.8603938e-03,6.3159722e-01,7.6787286e-02,2.8870270e-01,5.2419899e-05]
8;3;1;[3.8160044e-03,5.5187219e-01,1.4289077e-01,3.0134851e-01,7.2573916e-05]
9;1;1;[6.0317625e-04,9.7613508e-01,2.0249835e-03,2.1214508e-02,2.2224587e-05]
10;1;1;[1.4141705e-03,6.9277579e-01,1.2521222e-01,1.8030128e-01,2.9657144e-04]
11;2;1;[5.1615662e-03,7.3828793e-01,7.3489971e-02,1.8299015e-01,7.0394184e-05]
12;0;0;[6.1624742e-01,3.7668967e-01,4.3669525e-03,2.1320167e-03,5.6390138e-04]
2;0;0;[9.7930306e-01,1.6929837e-02,1.2121442e-03,2.4353391e-04,2.3114646e-03]
2;0;0;[9.4891191e-01,4.6938989e-02,1.8691696e-03,5.0294516e-04,1.7770298e-03]
2;1;1;[9.3671109e-04,9.3867350e-01,2.7375347e-03,5.7594374e-02,5.7895992e-05]
3;3;1;[0.00132679,0.7318398 ,0.11113099,0.15313594,0.00256645]
4;1;1;[5.3106801e-04,9.0919179e-01,2.3690159e-03,8.7857872e-02,5.0330087e-05]
5;1;1;[0.00342048,0.5411488 ,0.23378833,0.21965632,0.00198608]
6;1;1;[8.5523054e-03,5.0469744e-01,2.1882063e-01,2.6783505e-01,9.4593503e-05]
7;2;1;[3.7604482e-03,4.3449685e-01,2.3174976e-01,3.2991284e-01,8.0175734e-05]
8;0;0;[9.6400636e-01,3.2753419e-02,8.5295114e-04,6.4972299e-04,1.7375437e-03]
2;0;0;[9.7000164e-01,2.6711104e-02,1.4263735e-03,3.6137740e-04,1.4993926e-03]
2;1;1;[3.8602599e-04,5.4634058e-01,3.4196796e-03,4.4893503e-01,9.1870129e-04]
3;2;1;[6.4809469e-04,8.7478280e-01,4.9421962e-02,7.4115470e-02,1.0316905e-03]
4;0;0;[0.85104614,0.11229596,0.00295018,0.00194246,0.03176519]
2;3;1;[5.9587735e-04,8.5586047e-01,4.9080435e-02,9.3856931e-02,6.0633413e-04]
3;1;1;[3.0063957e-04,8.5774910e-01,3.2962449e-03,1.3845198e-01,2.0201126e-04]
4;2;1;[0.00149291,0.7581638 ,0.11617922,0.11884781,0.00531626]
5;0;0;[0.81564903,0.12332362,0.00270092,0.00246018,0.0558662 ]
2;2;1;[1.8667090e-03,5.2531070e-01,3.9894715e-01,7.3660225e-02,2.1523269e-04]
3;0;0;[9.2346781e-01,6.4582624e-03,8.0411817e-04,1.2796624e-04,6.9141835e-02]
2;0;0;[9.5807886e-01,3.7923019e-02,2.0892087e-03,3.3816483e-04,1.5707696e-03]
2;0;0;[9.6906966e-01,2.7205432e-02,1.4612459e-03,3.4823795e-04,1.9153563e-03]
2;2;1;[2.1623529e-03,5.0349075e-01,4.2218620e-01,7.1942784e-02,2.1785454e-04]
3;1;0;[8.88531744e-01,9.51913651e-03,7.38263945e-04,1.78938324e-04,1.01031885e-01]
4;2;2;[0.00483907,0.19980972,0.60128707,0.18921171,0.00485248]
5;0;0;[0.91306955,0.06602778,0.00237198,0.00109536,0.01743543]
2;0;0;[9.2855412e-01,6.7387961e-02,2.3509057e-03,6.2276283e-04,1.0843821e-03]
2;2;1;[2.7868145e-03,4.7894359e-01,4.7328496e-01,4.4839472e-02,1.4510077e-04]
3;0;0;[9.5501691e-01,7.2268941e-03,1.6382848e-03,1.4181818e-04,3.5976067e-02]
2;0;0;[9.82943833e-01,1.46627575e-02,1.19494996e-03,3.27796035e-04,8.70745571e-04]
2;0;0;[8.9892173e-01,9.6292116e-02,2.9961325e-03,8.3849981e-04,9.5161929e-04]
2;1;1;[9.9696976e-04,9.3813050e-01,2.7670441e-03,5.8073595e-02,3.1891137e-05]
3;1;1;[0.00087268,0.79037875,0.08537116,0.12176057,0.00161693]
4;3;1;[1.3979457e-03,8.7310696e-01,3.5393581e-02,9.0059467e-02,4.2037878e-05]
5;1;1;[4.4390801e-04,9.5087892e-01,4.3699690e-03,4.4240538e-02,6.6609515e-05]
6;1;1;[0.0020407 ,0.62505245,0.1148063 ,0.25664186,0.00145872]
7;1;1;[4.3929750e-03,6.3866627e-01,8.5007153e-02,2.7188146e-01,5.2173560e-05]
8;1;1;[4.5817741e-03,4.7684416e-01,2.2219664e-01,2.9632226e-01,5.5198103e-05]
9;1;1;[4.0518860e-03,5.7996929e-01,1.1934580e-01,2.9658738e-01,4.5719393e-05]
10;2;1;[2.85704643e-03,6.17067337e-01,1.18032694e-01,2.62002498e-01,4.03852900e-05]
11;0;0;[7.2754318e-01,2.6434407e-01,5.7389992e-03,1.7419189e-03,6.3181022e-04]
2;3;1;[1.87304209e-03,5.77230096e-01,3.00234824e-01,1.20501906e-01,1.60128198e-04]
3;1;1;[8.1550376e-04,9.1726512e-01,2.5487412e-03,7.9285115e-02,8.5497435e-05]
4;2;1;[0.00181921,0.7425808 ,0.10787701,0.14074609,0.00697693]
5;0;1;[0.43375957,0.556346  ,0.00321151,0.00417173,0.00251119]
2;0;0;[9.7075438e-01,2.6303984e-02,1.4696213e-03,3.8945788e-04,1.0825741e-03]
2;0;0;[9.0293068e-01,9.2303269e-02,2.9238733e-03,8.3087955e-04,1.0113139e-03]
2;1;1;[9.5934531e-04,9.3004853e-01,2.9311487e-03,6.6029325e-02,3.1627555e-05]
3;2;1;[0.00198537,0.62006   ,0.16675001,0.20620012,0.00500442]
4;0;0;[0.8662083 ,0.12514561,0.00354577,0.0012867 ,0.0038136 ]
2;3;1;[2.59361649e-03,5.27271748e-01,3.68829072e-01,1.01170875e-01,1.34695554e-04]
3;1;1;[1.0699470e-03,9.1052860e-01,2.8690260e-03,8.5436784e-02,9.5581672e-05]
4;3;1;[0.00247613,0.6921956 ,0.13019072,0.16379987,0.01133761]
5;1;1;[3.6374127e-04,9.2842615e-01,1.7310168e-03,6.9375210e-02,1.0386649e-04]
6;1;1;[0.0017354 ,0.50678635,0.18631539,0.30243215,0.00273076]
7;2;1;[5.2278326e-03,5.5592251e-01,1.2531099e-01,3.1345898e-01,7.9652564e-05]
8;0;0;[9.664034e-01,3.127891e-02,8.926547e-04,4.812871e-04,9.437309e-04]
2;1;1;[9.9950016e-04,9.3491834e-01,2.8594243e-03,6.1196964e-02,2.5738096e-05]
3;1;1;[0.00086186,0.7834117 ,0.08674178,0.1278312 ,0.00115335]
4;1;1;[1.4827878e-03,8.7380797e-01,3.3018753e-02,9.1659799e-02,3.0741041e-05]
5;2;2;[7.1122129e-03,2.2379369e-01,7.3616570e-01,3.2834951e-02,9.3462957e-05]
6;0;0;[9.9382073e-01,4.4611068e-03,2.4642938e-04,1.7503097e-04,1.2967749e-03]
2;0;0;[9.1426480e-01,8.1507616e-02,2.6550021e-03,8.4553927e-04,7.2711817e-04]
2;0;0;[9.1739905e-01,7.8371882e-02,2.6257739e-03,8.4805203e-04,7.5526786e-04]
2;0;0;[9.7209734e-01,2.5220111e-02,1.4859731e-03,4.0825328e-04,7.8840827e-04]
2;1;1;[1.0081152e-03,9.2530286e-01,3.1568641e-03,7.0503742e-02,2.8480994e-05]
3;1;1;[0.00137471,0.68092036,0.12894675,0.18632983,0.00242837]
4;1;1;[3.40456399e-03,7.84978449e-01,1.10464051e-01,1.01050936e-01,1.02004982e-04]
5;2;1;[4.1645775e-03,4.7867900e-01,3.4349126e-01,1.7353728e-01,1.2790032e-04]
6;0;0;[9.7690588e-01,1.9310961e-02,5.5644370e-04,3.4380474e-04,2.8828233e-03]
2;2;1;[2.6049255e-03,6.0091454e-01,2.4519794e-01,1.5119989e-01,8.2745122e-05]
3;0;0;[8.8430792e-01,1.0380036e-01,3.2620053e-03,6.3654134e-04,7.9930620e-03]
2;2;1;[2.6480646e-03,5.9775394e-01,2.4583061e-01,1.5368444e-01,8.2971150e-05]
3;0;0;[9.7108006e-01,2.0614669e-02,2.0961878e-03,1.6900744e-04,6.0401508e-03]
2;2;1;[2.6820188e-03,5.9524751e-01,2.4631469e-01,1.5567261e-01,8.3137085e-05]
3;0;0;[8.876811e-01,1.001876e-01,3.312127e-03,6.454997e-04,8.173639e-03]
2;0;0;[9.4897944e-01,4.7744215e-02,2.2639583e-03,4.5535804e-04,5.5708428e-04]
2;0;0;[9.1771752e-01,7.8206725e-02,2.7543039e-03,7.5660081e-04,5.6478998e-04]
2;1;1;[3.2754389e-03,5.7834786e-01,2.2690339e-01,1.9140290e-01,7.0389317e-05]
3;2;2;[7.8846747e-03,2.8321609e-01,6.8505204e-01,2.3583414e-02,2.6379502e-04]
4;0;0;[9.6857083e-01,1.4261475e-02,2.6271106e-03,4.6669459e-04,1.4073899e-02]
2;1;1;[1.0691611e-03,9.3683910e-01,2.9997681e-03,5.9074398e-02,1.7627106e-05]
3;2;1;[8.9303660e-04,7.8126204e-01,8.5568398e-02,1.3182048e-01,4.5611215e-04]
4;0;0;[9.6187037e-01,3.4727369e-02,2.5528963e-03,2.5508681e-04,5.9427274e-04]
2;1;1;[1.1616769e-03,9.2473382e-01,3.7410983e-03,7.0342787e-02,2.0614794e-05]
3;1;1;[0.0013839 ,0.69580114,0.12743741,0.1746083 ,0.00076923]
4;2;1;[2.24408763e-03,8.38795185e-01,4.46148254e-02,1.14320576e-01,2.52656409e-05]
5;1;0;[0.8493879 ,0.14178677,0.00422357,0.00140584,0.00319599]
6;2;2;[1.1246904e-03,2.3305538e-01,5.3669900e-01,2.2906247e-01,5.8425925e-05]
7;0;0;[9.0766037e-01,8.7615728e-02,3.2675317e-03,5.3975498e-04,9.1654266e-04]
2;1;1;[1.1465377e-03,9.3870008e-01,3.2976714e-03,5.6771040e-02,8.4648527e-05]
3;3;1;[0.00124601,0.76170677,0.09836401,0.13443215,0.00425111]
4;1;1;[3.1735966e-04,9.2376232e-01,1.5706399e-03,7.4258350e-02,9.1312977e-05]
5;3;1;[0.00192341,0.5133793 ,0.18241736,0.2989727 ,0.0033072 ]
6;1;1;[5.9296173e-04,9.3843085e-01,1.8894779e-03,5.9021518e-02,6.5219909e-05]
7;1;1;[0.00208845,0.46006897,0.22703435,0.3099073 ,0.00090092]
8;2;1;[6.5066107e-03,5.4201412e-01,1.3617504e-01,3.1522366e-01,8.0548954e-05]
9;0;0;[0.8354431 ,0.15980858,0.00229488,0.00153754,0.00091597]
2;0;0;[9.8843050e-01,9.0518417e-03,1.1575606e-03,1.4351681e-04,1.2166467e-03]
2;1;1;[1.06774690e-03,9.43175673e-01,3.36837396e-03,5.22866063e-02,1.01505844e-04]
3;3;1;[0.00118073,0.77409077,0.09629733,0.12437872,0.00405252]
4;1;1;[2.6501913e-04,9.2652762e-01,1.4572105e-03,7.1654789e-02,9.5458301e-05]
5;3;1;[0.00231318,0.4875269 ,0.20418221,0.30221865,0.0037591 ]
6;1;1;[1.0095615e-03,9.3424809e-01,2.2798777e-03,6.2389672e-02,7.2854775e-05]
7;1;1;[0.00280804,0.44478345,0.22512089,0.32641056,0.000877  ]
8;3;1;[6.5014795e-03,5.7332641e-01,1.0218800e-01,3.1789121e-01,9.2974435e-05]
9;1;1;[6.3498790e-04,9.7203344e-01,3.2307741e-03,2.4074771e-02,2.6012203e-05]
10;3;1;[1.4496506e-03,6.1288226e-01,1.6699325e-01,2.1829754e-01,3.7730945e-04]
11;1;1;[9.1556675e-04,9.7296417e-01,2.2117724e-03,2.3885410e-02,2.3060871e-05]
12;1;1;[2.1607219e-03,5.6881428e-01,2.5825816e-01,1.7050336e-01,2.6349127e-04]
13;2;1;[9.2826542e-03,6.6263199e-01,1.4922814e-01,1.7876969e-01,8.7556633e-05]
14;0;0;[6.4814371e-01,3.4637156e-01,3.0184467e-03,1.9050572e-03,5.6127465e-04]
2;2;2;[1.5334678e-03,4.6725556e-01,4.8633063e-01,4.4603977e-02,2.7645667e-04]
3;0;0;[8.4241927e-01,1.0134804e-02,8.4442354e-04,1.9073529e-04,1.4641079e-01]
2;0;0;[9.7813433e-01,1.8052746e-02,1.2460719e-03,2.5672530e-04,2.3101268e-03]
2;0;0;[9.6721762e-01,2.8658940e-02,1.6295932e-03,2.6076796e-04,2.2330154e-03]
2;0;0;[9.8629355e-01,1.0715716e-02,9.3180710e-04,1.3340249e-04,1.9255657e-03]
2;2;1;[1.2149542e-03,9.6200341e-01,2.4553571e-02,1.1487119e-02,7.4107799e-04]
3;0;0;[9.0426940e-01,3.3687141e-02,4.3873643e-03,4.8661770e-04,5.7169583e-02]
2;3;1;[1.5948892e-03,5.4940444e-01,3.7573135e-01,7.3052377e-02,2.1694682e-04]
3;1;1;[1.6275304e-03,9.1053641e-01,3.6456862e-03,8.4007069e-02,1.8331328e-04]
4;1;1;[0.00366339,0.63672155,0.15445808,0.18481968,0.0203373 ]
5;3;1;[4.7295671e-03,7.0475626e-01,8.1085235e-02,2.0927230e-01,1.5665758e-04]
6;1;1;[4.9000134e-04,9.4085652e-01,3.6890951e-03,5.4836068e-02,1.2830336e-04]
7;2;1;[0.00190329,0.5393173 ,0.14192703,0.31437525,0.0024771 ]
8;0;0;[0.5914787 ,0.39758638,0.00447913,0.00582238,0.00063346]
2;1;1;[9.5289736e-04,9.3897319e-01,2.7543488e-03,5.7263035e-02,5.6525965e-05]
3;2;1;[0.0025588 ,0.58886385,0.22816114,0.17015596,0.01026027]
4;0;0;[9.5035803e-01,4.0979978e-02,2.7231574e-03,7.7795872e-04,5.1607667e-03]
2;0;0;[9.8758030e-01,1.0020256e-02,1.1878475e-03,1.7741065e-04,1.0340729e-03]
2;0;0;[9.0609533e-01,8.9085698e-02,3.0500037e-03,8.3213218e-04,9.3684578e-04]
2;1;1;[9.9009497e-04,9.3787301e-01,2.7652548e-03,5.8339149e-02,3.2382664e-05]
3;1;1;[0.00151717,0.6970515 ,0.13002045,0.1685191 ,0.00289183]
4;3;1;[3.4269879e-03,7.9696089e-01,8.2572021e-02,1.1697009e-01,6.9887719e-05]
5;1;1;[7.2973390e-04,9.4003922e-01,5.1337923e-03,5.4033451e-02,6.3730884e-05]
6;3;1;[0.00264587,0.5498913 ,0.15738526,0.28868985,0.00138764]
7;1;1;[6.8534364e-04,9.4023770e-01,2.3491632e-03,5.6673337e-02,5.4503249e-05]
8;3;1;[0.00370034,0.41483107,0.2858336 ,0.29356673,0.00206823]
9;1;1;[1.7388666e-03,9.4345498e-01,2.9161412e-03,5.1822476e-02,6.7609377e-05]
10;1;1;[0.00356457,0.47339746,0.25772393,0.26464695,0.00066715]
11;3;1;[1.1159623e-02,6.0708004e-01,1.4582427e-01,2.3584270e-01,9.3403454e-05]
12;1;1;[8.4741908e-04,9.7476351e-01,4.1371007e-03,2.0226028e-02,2.5870468e-05]
13;1;1;[1.8265126e-03,6.2087601e-01,1.9939484e-01,1.7756942e-01,3.3324689e-04]
14;3;1;[9.9231387e-03,6.5614569e-01,1.6817513e-01,1.6566902e-01,8.7082153e-05]
15;1;1;[8.3086593e-04,9.7835630e-01,4.3791221e-03,1.6412282e-02,2.1474589e-05]
16;1;1;[2.1913003e-03,6.3109720e-01,2.2208749e-01,1.4438578e-01,2.3815766e-04]
17;1;1;[1.1750387e-02,6.5027905e-01,1.7697622e-01,1.6090183e-01,9.2526461e-05]
18;2;1;[7.8338096e-03,5.1900876e-01,3.1649974e-01,1.5656929e-01,8.8370245e-05]
19;0;0;[0.6647426 ,0.32901213,0.00275981,0.00230891,0.00117652]
2;1;1;[2.0129695e-03,5.6717777e-01,3.0348474e-01,1.2716162e-01,1.6284920e-04]
3;2;1;[0.00185199,0.62015396,0.28205132,0.09523938,0.00070337]
4;1;0;[8.5569924e-01,2.6207214e-02,1.4958034e-03,5.1703415e-04,1.1608074e-01]
5;2;2;[0.00361509,0.23588051,0.5993173 ,0.15942897,0.00175806]
6;0;0;[9.1155434e-01,7.9143107e-02,2.7341060e-03,6.6374394e-04,5.9047258e-03]
2;1;1;[9.1735879e-04,9.2202193e-01,3.0354972e-03,7.3982961e-02,4.2294956e-05]
3;2;1;[0.00092573,0.73474264,0.10092746,0.16168717,0.0017171 ]
4;0;0;[0.56063133,0.43107697,0.00366908,0.00327673,0.0013459 ]
2;1;1;[9.3999313e-04,9.2708468e-01,2.9706610e-03,6.8969272e-02,3.5447643e-05]
3;1;1;[0.00096071,0.7420899 ,0.10070577,0.1547619 ,0.00148179]
4;1;1;[2.1300938e-03,8.5549557e-01,4.2000197e-02,1.0033613e-01,3.7921927e-05]
5;1;1;[6.02187822e-03,4.65902179e-01,3.50764573e-01,1.77200615e-01,1.10794135e-04]
6;2;1;[4.0130909e-03,5.5773485e-01,2.0413028e-01,2.3407406e-01,4.7742898e-05]
7;0;0;[9.85566080e-01,1.28685795e-02,5.22282498e-04,2.02065377e-04,8.41150177e-04]
2;0;0;[9.6983260e-01,2.7355535e-02,1.7785081e-03,3.8211391e-04,6.5124949e-04]
2;0;0;[9.3971676e-01,5.5870380e-02,3.0535043e-03,4.9850892e-04,8.6092443e-04]
2;1;1;[2.2630999e-03,6.2505502e-01,2.3977827e-01,1.3282330e-01,8.0312013e-05]
3;1;1;[1.723364e-03,6.354146e-01,2.860814e-01,7.641313e-02,3.675779e-04]
4;2;1;[1.6205173e-03,6.4404827e-01,2.9790291e-01,5.6101646e-02,3.2658657e-04]
5;0;0;[9.4923395e-01,1.0179583e-02,1.0016222e-03,1.6374486e-04,3.9421145e-02]
2;0;0;[8.83642852e-01,1.11857355e-01,3.08045512e-03,9.10610368e-04,5.08681231e-04]
2;0;0;[8.8410908e-01,1.1137209e-01,3.0877425e-03,9.1876264e-04,5.1232683e-04]
2;0;0;[9.5803738e-01,3.9043576e-02,1.7210351e-03,5.1505520e-04,6.8298180e-04]
2;0;0;[8.6582315e-01,1.2904201e-01,3.5442754e-03,1.1350923e-03,4.5544287e-04]
2;2;1;[1.2275820e-03,5.2219552e-01,4.2737898e-01,4.8912708e-02,2.8515988e-04]
3;0;0;[8.28230977e-01,1.22187715e-02,8.84156791e-04,2.40318652e-04,1.58425838e-01]
2;0;0;[9.5258802e-01,4.2919666e-02,1.8536296e-03,5.0996966e-04,2.1287405e-03]
2;0;0;[9.8557508e-01,1.1626121e-02,1.1912296e-03,1.8657392e-04,1.4209879e-03]
2;0;0;[9.8555380e-01,1.1641752e-02,1.1625692e-03,1.8270289e-04,1.4591906e-03]
2;0;0;[9.8558944e-01,1.1607756e-02,1.1603527e-03,1.8220974e-04,1.4601302e-03]
2;1;2;[1.5522998e-03,4.6383438e-01,4.9021918e-01,4.4117969e-02,2.7622559e-04]
3;3;1;[1.2832806e-03,5.3492451e-01,3.9532599e-01,6.7944847e-02,5.2135548e-04]
4;1;1;[1.2378274e-03,8.8804275e-01,3.2741860e-03,1.0672623e-01,7.1898091e-04]
5;2;1;[0.00339366,0.5279783 ,0.16952044,0.2882805 ,0.01082711]
6;0;1;[0.45037878,0.5397348 ,0.00319565,0.0051541 ,0.00153675]
2;1;1;[1.6067532e-03,9.4022423e-01,4.5512835e-03,5.3480323e-02,1.3755744e-04]
3;2;1;[0.00186192,0.74395293,0.11062219,0.13735828,0.00620477]
4;0;0;[0.82990867,0.15888473,0.00250418,0.00243317,0.0062693 ]
2;1;1;[1.6305974e-03,9.4014633e-01,4.6094069e-03,5.3476285e-02,1.3742398e-04]
3;3;1;[0.00188875,0.7413631 ,0.11307362,0.13727106,0.00640343]
4;1;1;[3.56213131e-04,9.16734159e-01,1.71512587e-03,8.10726881e-02,1.21750665e-04]
5;2;1;[0.00188085,0.4898482 ,0.21436255,0.2905162 ,0.00339222]
6;0;0;[8.4332305e-01,1.5064387e-01,2.8222823e-03,2.5270802e-03,6.8362377e-04]
2;1;1;[1.6667970e-03,9.4002974e-01,4.6975808e-03,5.3468611e-02,1.3732506e-04]
3;2;1;[0.00190941,0.7457882 ,0.11040094,0.13566044,0.00624099]
4;0;0;[0.9188931 ,0.07385036,0.00252491,0.00109274,0.00363878]
2;2;1;[1.7825490e-03,4.7511184e-01,4.7208777e-01,5.0751913e-02,2.6581730e-04]
3;0;0;[8.5959071e-01,8.8172834e-03,7.3833321e-04,1.7871549e-04,1.3067511e-01]
2;0;0;[9.8134845e-01,1.5096219e-02,1.0949188e-03,1.9347027e-04,2.2669770e-03]
2;1;1;[1.8532408e-03,9.3920225e-01,5.1660161e-03,5.3638805e-02,1.3975853e-04]
3;2;1;[0.00206183,0.7518153 ,0.10934994,0.1304426 ,0.00633038]
4;0;0;[0.91960144,0.0730378 ,0.00248202,0.0011341 ,0.00374463]
2;2;1;[1.4350758e-03,5.6495035e-01,3.6285669e-01,7.0536733e-02,2.2108745e-04]
3;0;0;[9.0869403e-01,1.0695643e-02,1.0842240e-03,2.0309152e-04,7.9323024e-02]
2;3;1;[6.2248262e-04,8.6212182e-01,4.7274377e-02,8.9370973e-02,6.1032944e-04]
3;1;1;[3.3866067e-04,8.5756123e-01,3.5622837e-03,1.3832171e-01,2.1612855e-04]
4;1;1;[0.00174541,0.7556374 ,0.11644628,0.12089474,0.00527616]
5;3;1;[0.00460977,0.6021212 ,0.19629292,0.19619974,0.00077645]
6;1;1;[7.1611773e-04,9.1740948e-01,3.2534543e-03,7.8384660e-02,2.3635660e-04]
7;3;1;[0.00214581,0.45225286,0.17203918,0.37203923,0.00152278]
8;1;1;[8.1866421e-04,9.3091488e-01,3.1623088e-03,6.5013528e-02,9.0693036e-05]
9;3;1;[0.00210395,0.4116178 ,0.29050368,0.2951663 ,0.00060828]
10;1;1;[1.0523839e-03,9.5106995e-01,3.5063063e-03,4.4300873e-02,7.0554401e-05]
11;2;2;[0.00302209,0.37212008,0.4316021 ,0.19267912,0.00057656]
12;0;0;[0.537964  ,0.44976637,0.00640136,0.00504344,0.00082486]
2;2;1;[0.00095913,0.77095354,0.08484477,0.14243001,0.00081263]
3;0;1;[0.3225904 ,0.65753716,0.00737537,0.00278861,0.00970845]
2;2;2;[6.2417598e-03,4.0374792e-01,5.6435066e-01,2.5385229e-02,2.7440547e-04]
3;0;0;[9.2996520e-01,1.1418287e-02,2.6625658e-03,2.0704893e-04,5.5746865e-02]
2;1;1;[1.0783485e-03,9.4016403e-01,2.8970304e-03,5.5810589e-02,4.9998103e-05]
3;2;1;[0.00108097,0.77997154,0.09091581,0.1253132 ,0.00271847]
4;0;0;[0.5683386 ,0.42279544,0.0029996 ,0.00353136,0.00233508]
2;2;1;[2.2950757e-03,5.7203597e-01,3.0833486e-01,1.1712703e-01,2.0707169e-04]
3;0;0;[9.2664319e-01,1.9150700e-02,1.2977783e-03,3.0356579e-04,5.2604884e-02]
2;3;1;[1.2697391e-03,9.4009167e-01,3.1485131e-03,5.5443380e-02,4.6735466e-05]
3;1;1;[9.6923432e-05,7.9187828e-01,9.3886917e-03,1.9818383e-01,4.5225682e-04]
4;3;1;[7.2508369e-04,7.7210939e-01,4.0129900e-02,1.8666658e-01,3.6897665e-04]
5;1;1;[5.9142004e-04,8.7477237e-01,2.5182115e-03,1.2196035e-01,1.5767885e-04]
6;1;3;[0.00139829,0.39876953,0.18993571,0.4081784 ,0.00171804]
7;3;1;[1.3418127e-02,5.0343889e-01,2.3468059e-01,2.4836136e-01,1.0106435e-04]
8;1;1;[1.2338023e-03,9.3968463e-01,2.9337753e-03,5.6068473e-02,7.9254511e-05]
9;3;1;[1.5676451e-03,5.5538511e-01,1.3254023e-01,3.1014800e-01,3.5904805e-04]
10;1;1;[1.0625300e-03,9.6063626e-01,1.9969605e-03,3.6269125e-02,3.5158704e-05]
11;3;1;[2.0375219e-03,5.3900141e-01,2.5461248e-01,2.0402324e-01,3.2528595e-04]
12;1;1;[1.4959248e-03,9.6924710e-01,2.8032961e-03,2.6421383e-02,3.2208605e-05]
13;1;1;[2.2888836e-03,5.4711300e-01,2.6917705e-01,1.8114272e-01,2.7845392e-04]
14;1;1;[1.2929078e-02,6.4277315e-01,1.8602501e-01,1.5818353e-01,8.9294597e-05]
15;3;1;[8.7175863e-03,5.3764683e-01,2.9874611e-01,1.5480486e-01,8.4627281e-05]
16;1;1;[1.0806876e-03,9.7912997e-01,3.8471462e-03,1.5919719e-02,2.2466378e-05]
17;2;1;[1.9331574e-03,5.9719121e-01,2.4372266e-01,1.5692717e-01,2.2574530e-04]
18;0;0;[5.7178277e-01,4.2250979e-01,2.7455047e-03,2.5360973e-03,4.2587129e-04]
2;1;2;[7.9748984e-03,4.1954806e-01,5.3493041e-01,3.7270822e-02,2.7577628e-04]
3;2;1;[0.00450953,0.49043798,0.42658228,0.07765952,0.00081081]
4;0;0;[0.87605697,0.03950952,0.00448871,0.00119498,0.07874981]
2;1;1;[9.8602672e-04,9.3729854e-01,2.6488444e-03,5.8999568e-02,6.7000008e-05]
3;2;1;[0.00163297,0.6617359 ,0.13783002,0.19237718,0.00642395]
4;0;0;[0.8378445 ,0.15278842,0.00313519,0.00187588,0.00435595]
2;1;1;[9.8925945e-04,9.3751061e-01,2.6491988e-03,5.8784671e-02,6.6151602e-05]
3;2;2;[0.00625108,0.41289097,0.51604956,0.0581942 ,0.00661419]
4;0;0;[9.8410368e-01,8.5004698e-03,2.1869459e-03,3.5807036e-04,4.8508388e-03]
2;0;0;[0.89517814,0.09905019,0.00372698,0.00091983,0.00112478]
2;0;0;[9.7532165e-01,2.1858100e-02,1.4432082e-03,3.8067321e-04,9.9627499e-04]
2;2;1;[0.00121693,0.66617537,0.12365721,0.20793912,0.00101142]
3;0;1;[0.26605332,0.71933025,0.00607572,0.00339804,0.00514267]
2;1;1;[9.385319e-04,9.266406e-01,2.977216e-03,6.940769e-02,3.600269e-05]
3;3;1;[0.00097363,0.74012375,0.10188904,0.15526913,0.00174436]
4;1;1;[3.5925122e-04,9.0679538e-01,2.0006693e-03,9.0803362e-02,4.1399715e-05]
5;1;1;[0.00218401,0.5997431 ,0.20295814,0.1926097 ,0.00250497]
6;2;1;[3.2011043e-02,4.6208349e-01,3.7839586e-01,1.2731293e-01,1.9673600e-04]
7;0;0;[9.9167860e-01,6.4259754e-03,4.0017618e-04,1.9003570e-04,1.3052478e-03]
2;3;1;[2.2042315e-03,5.8923554e-01,2.7531168e-01,1.3314494e-01,1.0369669e-04]
3;1;1;[7.6185894e-04,9.1352534e-01,2.9386708e-03,8.2723208e-02,5.1013583e-05]
4;1;1;[0.00152056,0.7549062 ,0.10965919,0.13108023,0.00283383]
5;2;1;[4.7659595e-03,7.3983097e-01,1.3544509e-01,1.1976789e-01,1.9007614e-04]
6;0;0;[9.6969026e-01,2.2129027e-02,1.0738985e-03,2.7935239e-04,6.8274233e-03]
2;1;1;[9.5596712e-04,9.2970228e-01,2.9352817e-03,6.6374309e-02,3.2089378e-05]
3;1;1;[0.0012163 ,0.70503604,0.11631016,0.17457104,0.00286638]
4;1;1;[3.0122825e-03,7.9316401e-01,9.6403390e-02,1.0730418e-01,1.1616446e-04]
5;1;1;[4.0212409e-03,4.6522841e-01,3.1208560e-01,2.1853912e-01,1.2556423e-04]
6;2;1;[3.0425666e-03,5.1421130e-01,1.7225197e-01,3.1041387e-01,8.0325364e-05]
7;0;0;[0.90200436,0.09249476,0.00113152,0.00137763,0.00299173]
2;0;0;[9.0376395e-01,9.2035726e-02,2.7206759e-03,8.2792464e-04,6.5165671e-04]
2;1;1;[1.0147982e-03,9.3609202e-01,2.8419602e-03,6.0026910e-02,2.4315168e-05]
3;1;2;[0.00516167,0.44604737,0.46581602,0.07770333,0.00527161]
4;1;2;[3.0838611e-02,3.2532051e-01,6.2586963e-01,1.7781489e-02,1.8984145e-04]
5;2;2;[4.8597469e-03,3.8236976e-01,5.6102002e-01,5.1563386e-02,1.8702894e-04]
6;0;0;[9.71280277e-01,1.28883915e-02,1.73556281e-03,4.07516869e-04,1.36881704e-02]
2;3;1;[1.0047432e-03,9.3530089e-01,2.8540967e-03,6.0814973e-02,2.5262501e-05]
3;1;1;[2.5662940e-04,7.7662474e-01,1.4374572e-02,2.0800175e-01,7.4234034e-04]
4;3;1;[0.00608159,0.73069125,0.16616227,0.09583824,0.0012267 ]
5;1;1;[2.6116627e-03,8.6974311e-01,3.6682819e-03,1.2379492e-01,1.8203049e-04]
6;2;3;[0.00239221,0.3867161 ,0.13896294,0.47102162,0.00090708]
7;0;0;[0.826852  ,0.16266246,0.00240535,0.00656445,0.00151569]
2;0;0;[8.84024739e-01,1.11459464e-01,3.08662793e-03,9.17460537e-04,5.11753082e-04]
2;0;0;[8.8626826e-01,1.0914205e-01,3.1104635e-03,9.5085369e-04,5.2840117e-04]
2;0;0;[9.8685515e-01,1.1260274e-02,1.2938075e-03,2.2905295e-04,3.6175404e-04]
2;2;2;[1.3218389e-02,3.3701974e-01,6.1113882e-01,3.8458694e-02,1.6441637e-04]
3;0;0;[9.7170842e-01,1.6551794e-02,3.4932543e-03,3.9434040e-04,7.8521837e-03]
2;0;0;[9.6480787e-01,3.1234933e-02,1.5508994e-03,3.3911911e-04,2.0671303e-03]
2;0;0;[9.8646671e-01,1.0766776e-02,1.0992038e-03,1.9459546e-04,1.4728288e-03]
2;0;0;[9.9030077e-01,7.1943915e-03,9.6213078e-04,1.4160639e-04,1.4010693e-03]
2;2;2;[3.7745775e-03,3.9368218e-01,5.8742809e-01,1.4869560e-02,2.4559849e-04]
3;0;0;[9.1256058e-01,8.1687775e-03,2.2296994e-03,1.2763038e-04,7.6913364e-02]
2;2;2;[1.5008791e-03,4.7554970e-01,4.7704345e-01,4.5631800e-02,2.7418463e-04]
3;0;0;[8.57853532e-01,4.96289879e-03,5.65630675e-04,1.00647354e-04,1.36517316e-01]
2;0;0;[9.8366553e-01,1.3163921e-02,1.0874833e-03,2.1280795e-04,1.8701846e-03]
2;0;0;[9.8608714e-01,1.1119070e-02,1.0636667e-03,1.7035585e-04,1.5596376e-03]
2;2;1;[2.2439896e-03,5.5112356e-01,3.5842493e-01,8.7951742e-02,2.5578175e-04]
3;0;0;[8.5480690e-01,4.8590854e-02,2.2261995e-03,5.4248382e-04,9.3833670e-02]
2;0;0;[9.8751628e-01,9.7400928e-03,9.7812328e-04,1.7208123e-04,1.5933090e-03]
2;0;0;[9.9206185e-01,5.5857897e-03,6.7909510e-04,8.1843886e-05,1.5914337e-03]
2;3;2;[1.9155339e-03,4.1022816e-01,5.5231214e-01,3.5269052e-02,2.7514630e-04]
3;3;1;[2.4410745e-03,9.1080779e-01,4.9712928e-03,8.1297562e-02,4.8231860e-04]
4;1;1;[2.0392878e-04,8.3293289e-01,1.2375395e-02,1.5346366e-01,1.0241024e-03]
5;3;1;[8.2158513e-04,6.9279981e-01,5.7411656e-02,2.4847680e-01,4.9013301e-04]
6;1;1;[4.9119693e-04,9.2524165e-01,2.1173516e-03,7.2058283e-02,9.1557042e-05]
7;3;1;[0.00132222,0.47196013,0.25129244,0.2748235 ,0.00060178]
8;1;1;[9.9809573e-04,9.5893478e-01,2.2999423e-03,3.7727598e-02,3.9544437e-05]
9;1;1;[1.4115358e-03,4.9330771e-01,2.2715871e-01,2.7770188e-01,4.2027215e-04]
10;1;1;[6.4284527e-03,6.4396822e-01,1.3131082e-01,2.1820667e-01,8.5758613e-05]
11;1;1;[8.6170882e-03,4.9874693e-01,3.7965161e-01,1.1290337e-01,8.0961931e-05]
12;2;1;[7.7742967e-03,5.7071131e-01,2.4604219e-01,1.7540190e-01,7.0278671e-05]
13;0;0;[0.86219084,0.13340348,0.0020561 ,0.00088415,0.00146543]
2;2;1;[1.5156619e-03,5.5675471e-01,3.6949274e-01,7.2018281e-02,2.1869151e-04]
3;0;0;[8.5300571e-01,2.1236282e-02,1.1364289e-03,4.1124300e-04,1.2421043e-01]
2;1;1;[9.1869844e-04,9.3828231e-01,2.7194796e-03,5.8019869e-02,5.9639253e-05]
3;1;1;[0.00098314,0.77713305,0.08827184,0.13049044,0.00312155]
4;3;1;[1.4863830e-03,8.6433721e-01,4.6864249e-02,8.7240174e-02,7.1893584e-05]
5;1;1;[1.5722044e-03,9.3721211e-01,5.5744541e-03,5.5453572e-02,1.8766429e-04]
6;2;1;[0.00177225,0.5221454 ,0.08456781,0.39054796,0.00096666]
7;0;0;[0.78219026,0.20837262,0.00299775,0.00541901,0.00102036]
2;0;0;[9.7671914e-01,2.0017231e-02,1.3050403e-03,3.3223411e-04,1.6263117e-03]
2;0;0;[9.6920377e-01,2.7338142e-02,1.7692626e-03,2.9859098e-04,1.3901929e-03]
2;0;0;[9.7733384e-01,1.9706376e-02,1.3675240e-03,3.0293211e-04,1.2892227e-03]
2;0;0;[9.5394492e-01,4.2013362e-02,1.9972613e-03,3.8225247e-04,1.6622716e-03]
2;1;1;[1.3508536e-03,9.3977678e-01,3.2676244e-03,5.5558275e-02,4.6491445e-05]
3;2;1;[0.00281121,0.5680519 ,0.30384845,0.11626022,0.00902832]
4;0;0;[9.7902292e-01,1.4190225e-02,1.3796536e-03,6.4895634e-04,4.7581671e-03]
2;1;1;[1.4480539e-03,9.3947667e-01,3.4014459e-03,5.5627603e-02,4.6189565e-05]
3;3;1;[0.00189916,0.71145344,0.13091815,0.1510205 ,0.00470872]
4;1;1;[5.5309292e-04,9.1183615e-01,2.1230071e-03,8.5392036e-02,9.5806427e-05]
5;1;1;[0.00284722,0.46563402,0.2361079 ,0.29185703,0.00355386]
6;2;1;[1.2214460e-02,4.8263541e-01,2.0037468e-01,3.0462533e-01,1.5016485e-04]
7;0;0;[9.7445911e-01,2.2892486e-02,7.2253158e-04,5.1287614e-04,1.4130219e-03]
2;0;0;[8.9432389e-01,1.0089542e-01,3.0376951e-03,8.4392208e-04,8.9900778e-04]
2;0;0;[9.3207169e-01,6.3887753e-02,2.3026352e-03,6.0986041e-04,1.1281419e-03]
2;1;1;[1.7863053e-03,5.8423376e-01,2.9975426e-01,1.1406569e-01,1.6006437e-04]
3;1;1;[1.1866624e-03,6.6384196e-01,2.4511431e-01,8.9320734e-02,5.3632661e-04]
4;2;2;[0.00381542,0.46327794,0.51007456,0.02211426,0.00071775]
5;0;0;[9.17290032e-01,6.83919527e-03,9.51647235e-04,1.18901924e-04,7.48003125e-02]
2;0;0;[9.5359647e-01,4.2853218e-02,1.8219287e-03,5.0293980e-04,1.2254179e-03]
2;0;0;[9.4262570e-01,5.3438887e-02,2.1557272e-03,5.5537664e-04,1.2242348e-03]
2;0;0;[8.5990483e-01,1.3407615e-01,4.1122255e-03,1.2593113e-03,6.4747740e-04]
2;0;0;[9.7952509e-01,1.8102854e-02,1.5631581e-03,2.8687477e-04,5.2197033e-04]
2;0;0;[9.0606803e-01,8.9735091e-02,2.7183932e-03,8.2590408e-04,6.5256492e-04]
2;1;1;[9.7553123e-04,9.3220210e-01,2.9006230e-03,6.3892692e-02,2.8967032e-05]
3;1;1;[0.00090497,0.768525  ,0.09220152,0.1370283 ,0.00134023]
4;3;1;[1.5938265e-03,8.7032217e-01,3.6791246e-02,9.1259770e-02,3.3034074e-05]
5;1;1;[7.2071725e-04,9.4357401e-01,5.5936426e-03,5.0037894e-02,7.3838120e-05]
6;2;1;[0.00192996,0.5356169 ,0.11984295,0.34071198,0.0018983 ]
7;0;0;[5.7805365e-01,4.1092014e-01,3.5917177e-03,6.9176969e-03,5.1678088e-04]
2;1;1;[3.3788478e-03,5.4499376e-01,3.1610659e-01,1.3537790e-01,1.4296010e-04]
3;1;1;[1.8108881e-03,6.1042863e-01,2.8272676e-01,1.0471004e-01,3.2370049e-04]
4;3;1;[2.3206226e-03,6.5128767e-01,2.7139497e-01,7.4423730e-02,5.7298003e-04]
5;1;1;[1.1107288e-03,9.4125885e-01,3.7218630e-03,5.3764891e-02,1.4361778e-04]
6;1;1;[0.00262007,0.6192153 ,0.15577902,0.21937676,0.00300889]
7;2;1;[4.8795165e-03,6.6348010e-01,9.9126317e-02,2.3245363e-01,6.0424889e-05]
8;0;0;[0.81136787,0.18253392,0.00225081,0.00273019,0.00111725]
2;2;1;[0.00095288,0.6560113 ,0.12498111,0.21684504,0.00120967]
3;0;0;[0.8221808 ,0.1585234 ,0.00361383,0.00261622,0.01306584]
2;1;1;[1.0530306e-03,9.3815064e-01,2.8103562e-03,5.7964262e-02,2.1751526e-05]
3;1;1;[0.0036405 ,0.54083914,0.27529424,0.17406142,0.00616471]
4;2;1;[1.5571484e-02,5.2769315e-01,3.8770917e-01,6.8751402e-02,2.7474281e-04]
5;0;0;[9.7907478e-01,9.8954970e-03,8.7724981e-04,2.6359168e-04,9.8888362e-03]
2;0;0;[8.8125366e-01,1.1434720e-01,3.0356282e-03,8.7030046e-04,4.9326546e-04]
2;0;0;[8.86652708e-01,1.08809404e-01,3.09508620e-03,9.29860398e-04,5.12932835e-04]
2;1;1;[1.0128627e-03,9.2666006e-01,3.1276834e-03,6.9172062e-02,2.7335649e-05]
3;1;1;[0.00102672,0.73904896,0.10318681,0.1555819 ,0.00115553]
4;3;1;[1.8345135e-03,8.6295360e-01,3.8354460e-02,9.6827038e-02,3.0304482e-05]
5;1;1;[3.5958356e-04,9.5071453e-01,5.2244938e-03,4.3667853e-02,3.3596367e-05]
6;3;1;[0.00243107,0.58368176,0.1578968 ,0.25448635,0.00150406]
7;1;1;[6.5668672e-04,9.4042671e-01,2.3165313e-03,5.6559775e-02,4.0270039e-05]
8;3;1;[0.00209968,0.45081976,0.22133464,0.3239466 ,0.00179924]
9;1;1;[9.3993061e-04,9.5417905e-01,2.1337147e-03,4.2704783e-02,4.2517004e-05]
10;2;2;[0.00535494,0.38509712,0.49999428,0.10875869,0.00079504]
11;0;0;[7.5114346e-01,2.4123807e-01,4.6417667e-03,2.5074398e-03,4.6923367e-04]
2;0;0;[8.9610738e-01,9.8936543e-02,3.1792023e-03,1.1187179e-03,6.5811211e-04]
2;0;0;[8.5465491e-01,1.3948844e-01,3.9325953e-03,1.4604315e-03,4.6354686e-04]
2;1;1;[9.0361637e-04,9.4216484e-01,3.0895118e-03,5.3729799e-02,1.1231459e-04]
3;2;1;[0.00111232,0.76752406,0.0964317 ,0.13077311,0.00415884]
4;0;0;[0.8141275 ,0.17740126,0.0025936 ,0.00177   ,0.00410764]
2;0;0;[9.8586231e-01,1.0689083e-02,9.9926232e-04,1.6515942e-04,2.2841778e-03]
2;2;2;[2.9983828e-03,4.2078447e-01,5.5697715e-01,1.9062549e-02,1.7748056e-04]
3;0;0;[9.2995048e-01,5.1359967e-03,1.4351790e-03,8.8885543e-05,6.3389495e-02]
2;0;0;[9.4910282e-01,4.6750635e-02,1.8649674e-03,5.0154747e-04,1.7800387e-03]
2;1;1;[9.8460936e-04,9.3944257e-01,2.7880152e-03,5.6730479e-02,5.4278898e-05]
3;2;1;[0.00098206,0.7843049 ,0.08666486,0.12509571,0.00295247]
4;0;0;[0.6180022 ,0.37317804,0.00297551,0.00317105,0.00267324]
2;1;0;[9.5880359e-01,3.7232928e-02,1.6751956e-03,4.2726492e-04,1.8610329e-03]
3;2;2;[1.0951353e-03,3.5497043e-01,5.2925378e-01,1.1435827e-01,3.2233863e-04]
4;0;0;[0.5749265 ,0.4113166 ,0.00930436,0.00333667,0.00111587]
2;0;0;[9.6862197e-01,2.7854227e-02,1.7436864e-03,3.0898416e-04,1.4711535e-03]
2;0;0;[9.2010182e-01,7.5086854e-02,2.8312805e-03,6.3107745e-04,1.3490566e-03]
2;1;1;[1.1479631e-03,9.4029617e-01,2.9840358e-03,5.5523589e-02,4.8228580e-05]
3;2;1;[0.00117047,0.776028  ,0.09414005,0.12571451,0.00294703]
4;0;0;[0.5941171 ,0.39744258,0.00303381,0.00322261,0.00218387]
2;2;1;[0.00081661,0.72962856,0.09041546,0.17832755,0.00081176]
3;0;0;[0.6184044 ,0.36536315,0.00735748,0.00231779,0.00655718]
2;1;0;[9.8207849e-01,1.5382917e-02,1.1356560e-03,3.6310783e-04,1.0397829e-03]
3;3;2;[1.8655222e-03,2.1783200e-01,6.7003065e-01,1.0971683e-01,5.5506261e-04]
4;1;1;[2.2972953e-02,8.2012582e-01,1.4824190e-02,1.4183922e-01,2.3789315e-04]
5;2;2;[0.0091794 ,0.34680745,0.50010955,0.13878502,0.00511857]
6;0;0;[0.822241  ,0.16940495,0.00525893,0.00187919,0.00121591]
2;1;1;[9.9088671e-04,9.3415082e-01,2.8706838e-03,6.1961055e-02,2.6667862e-05]
3;1;1;[0.00087747,0.77873087,0.08855102,0.13062678,0.00121389]
4;2;1;[2.5015422e-03,8.3670086e-01,5.7050288e-02,1.0369037e-01,5.6950284e-05]
5;0;0;[9.8629618e-01,9.6777901e-03,1.0842638e-03,1.3784505e-04,2.8039261e-03]
2;1;1;[9.9353760e-04,9.3436778e-01,2.8676877e-03,6.1744586e-02,2.6397838e-05]
3;2;1;[0.00092448,0.77077776,0.09165022,0.13549165,0.00115592]
4;0;1;[0.43502107,0.5563375 ,0.00353205,0.00414468,0.00096474]
2;1;1;[9.9951727e-04,9.3491238e-01,2.8595645e-03,6.1202865e-02,2.5743506e-05]
3;2;1;[0.00092186,0.77303684,0.09089354,0.1340154 ,0.00113231]
4;0;1;[0.43010375,0.5612575 ,0.00352038,0.0041669 ,0.00095143]
2;2;2;[6.1277580e-03,3.2739139e-01,6.3802826e-01,2.8329914e-02,1.2279060e-04]
3;0;0;[9.7025943e-01,8.4327832e-03,2.0026788e-03,2.4044260e-04,1.9064711e-02]
2;0;0;[8.8457662e-01,1.1088814e-01,3.0936310e-03,9.2595600e-04,5.1560614e-04]
2;0;0;[9.8048270e-01,1.7225100e-02,1.6360128e-03,2.5967436e-04,3.9644085e-04]
2;0;0;[8.8764817e-01,1.0771881e-01,3.1205143e-03,9.7141968e-04,5.4116629e-04]
2;2;1;[4.5620142e-03,4.5946854e-01,4.4679180e-01,8.9041822e-02,1.3571756e-04]
3;0;0;[9.5262617e-01,2.3291970e-02,1.6163976e-03,5.5834552e-04,2.1907093e-02]
2;2;1;[0.00130661,0.46774656,0.12510327,0.40526634,0.00057719]
3;0;0;[0.7164045 ,0.2739121 ,0.00667187,0.00222725,0.00078426]
2;0;0;[9.2776322e-01,6.8551667e-02,2.4541861e-03,6.6555082e-04,5.6535815e-04]
2;0;0;[9.7282863e-01,2.3180623e-02,1.3852728e-03,3.1246003e-04,2.2930242e-03]
2;2;1;[1.3780466e-03,4.9500465e-01,4.5545942e-01,4.7878511e-02,2.7947762e-04]
3;0;0;[8.8534319e-01,4.1655800e-03,6.6045264e-04,8.7869368e-05,1.0974291e-01]
2;1;1;[9.5366576e-04,9.4266099e-01,3.1664020e-03,5.3111132e-02,1.0772601e-04]
3;1;1;[0.00112992,0.77065074,0.09597177,0.12815997,0.00408759]
4;2;1;[6.5039764e-03,7.2199869e-01,1.9275001e-01,7.8445636e-02,3.0172919e-04]
5;0;0;[9.7730780e-01,1.2306814e-02,7.5344776e-04,2.3344708e-04,9.3984613e-03]
2;2;1;[2.3809539e-03,5.4279429e-01,3.6756268e-01,8.6991690e-02,2.7039074e-04]
3;1;0;[8.5357714e-01,4.5916658e-02,2.1190492e-03,5.3426466e-04,9.7852856e-02]
4;2;2;[0.00296805,0.1824381 ,0.6935279 ,0.11793466,0.00313134]
5;1;0;[0.919021  ,0.06164857,0.00570171,0.00112264,0.01250606]
6;2;2;[2.9112180e-03,7.6628506e-02,8.5992235e-01,6.0348485e-02,1.8942726e-04]
7;1;0;[9.1741002e-01,7.5993530e-02,3.8121843e-03,7.7975489e-04,2.0045463e-03]
8;2;2;[2.2364978e-03,7.9115905e-02,8.5143894e-01,6.7169525e-02,3.9182603e-05]
9;0;0;[8.7322116e-01,1.2083163e-01,3.7552477e-03,8.5932488e-04,1.3326636e-03]
2;0;0;[9.7862166e-01,1.7583653e-02,1.2326603e-03,2.5139327e-04,2.3106374e-03]
2;0;0;[9.8810822e-01,8.9799399e-03,8.2460960e-04,1.2350149e-04,1.9637228e-03]
2;0;0;[9.6532935e-01,3.1319637e-02,1.6280777e-03,4.1832717e-04,1.3045947e-03]
2;1;1;[8.6355052e-04,9.3657196e-01,2.6690795e-03,5.9828352e-02,6.6999935e-05]
3;2;1;[0.00141429,0.6972659 ,0.12106418,0.1748776 ,0.0053781 ]
4;0;0;[0.7674393 ,0.2231176 ,0.00324479,0.00205164,0.00414672]
2;0;0;[9.4854581e-01,4.7301564e-02,1.8825814e-03,5.0532492e-04,1.7646195e-03]
2;1;1;[1.5889056e-03,5.5054241e-01,3.7530145e-01,7.2348937e-02,2.1826003e-04]
3;1;1;[1.0497726e-03,6.0839564e-01,3.0762574e-01,8.2374305e-02,5.5457890e-04]
4;1;1;[0.00121086,0.69312584,0.2571249 ,0.0477889 ,0.00074959]
5;1;1;[0.00234893,0.67881346,0.26017764,0.0578308 ,0.00082921]
6;2;1;[3.6430429e-03,7.0709568e-01,1.8694030e-01,1.0170569e-01,6.1524735e-04]
7;0;0;[9.4699186e-01,2.8371347e-02,6.5867353e-04,2.3969257e-04,2.3738464e-02]
2;0;0;[9.5129418e-01,4.4594210e-02,1.8252865e-03,4.8480844e-04,1.8015471e-03]
2;0;0;[9.8093468e-01,1.6218875e-02,1.2358419e-03,2.6932915e-04,1.3412817e-03]
2;0;0;[9.5831090e-01,3.8297374e-02,1.5810673e-03,5.6050072e-04,1.2502049e-03]
2;0;0;[9.4602352e-01,4.9952965e-02,2.5197153e-03,4.5643837e-04,1.0474656e-03]
2;0;0;[9.7450304e-01,2.2735488e-02,1.4411020e-03,3.8154662e-04,9.3873701e-04]
2;0;0;[9.3852210e-01,5.7490770e-02,2.2073891e-03,5.8010028e-04,1.1996537e-03]
2;0;0;[9.3870533e-01,5.7309248e-02,2.2034796e-03,5.7934487e-04,1.2026408e-03]
2;1;1;[1.1419415e-03,9.4038695e-01,2.8364907e-03,5.5607818e-02,2.6776241e-05]
3;3;1;[0.00084319,0.8056907 ,0.08061858,0.11147853,0.00136899]
4;3;1;[2.8605870e-04,9.4507748e-01,1.4153520e-03,5.3188071e-02,3.3062955e-05]
5;1;1;[1.0442290e-04,8.6908472e-01,6.9220746e-03,1.2363064e-01,2.5822571e-04]
6;3;1;[1.5605874e-03,5.6384021e-01,9.4775476e-02,3.3928975e-01,5.3392787e-04]
7;1;1;[8.8272215e-04,9.4204050e-01,2.1315338e-03,5.4893121e-02,5.2123632e-05]
8;3;1;[0.00202377,0.4462954 ,0.2560792 ,0.29512635,0.00047524]
9;1;1;[1.0469579e-03,9.6038955e-01,2.0180519e-03,3.6512531e-02,3.2908556e-05]
10;1;1;[1.2919310e-03,5.5423009e-01,1.9354051e-01,2.5063735e-01,3.0012341e-04]
11;2;1;[4.9783238e-03,6.5478545e-01,1.1907038e-01,2.2111090e-01,5.5028344e-05]
12;0;0;[6.0659873e-01,3.8759208e-01,3.0650047e-03,2.1714205e-03,5.7271053e-04]
2;1;1;[9.3863526e-04,9.2400074e-01,3.0218801e-03,7.1999602e-02,3.9170416e-05]
3;2;2;[0.00692123,0.43407202,0.49094453,0.06181466,0.00624758]
4;0;0;[9.8236519e-01,1.1816599e-02,2.3709137e-03,3.0382158e-04,3.1435592e-03]
2;2;1;[2.5528155e-03,5.5142397e-01,2.9210997e-01,1.5374812e-01,1.6511374e-04]
3;0;0;[9.0992516e-01,2.7689986e-02,1.2300786e-03,5.7100959e-04,6.0583871e-02]
2;3;1;[2.1994705e-03,5.8966821e-01,2.7514911e-01,1.3287963e-01,1.0356088e-04]
3;1;1;[7.528289e-04,9.130636e-01,2.939119e-03,8.319229e-02,5.222113e-05]
4;3;1;[0.00168013,0.74578834,0.11511829,0.13412584,0.00328733]
5;1;1;[3.4784392e-04,9.3078774e-01,2.0846319e-03,6.6729091e-02,5.0722490e-05]
6;1;1;[0.00234224,0.568961  ,0.21339929,0.21351065,0.00178684]
7;1;1;[1.9984996e-02,4.9741113e-01,3.2572713e-01,1.5673418e-01,1.4249564e-04]
8;2;1;[4.8966734e-03,4.6324795e-01,2.5497124e-01,2.7681723e-01,6.6980094e-05]
9;0;0;[9.5938343e-01,3.6892511e-02,1.0248927e-03,9.0856629e-04,1.7905341e-03]
2;2;1;[2.4285973e-03,5.6974530e-01,2.7621418e-01,1.5150741e-01,1.0452210e-04]
3;0;0;[9.7185463e-01,1.5005137e-02,1.4967920e-03,1.9421775e-04,1.1449219e-02]
2;0;0;[9.7605294e-01,2.1484800e-02,1.4542389e-03,3.6851433e-04,6.3948962e-04]
2;2;2;[4.65531647e-03,4.02079493e-01,5.41887045e-01,5.12596183e-02,1.18541204e-04]
3;0;0;[9.6131390e-01,1.5054648e-02,2.3345537e-03,4.3634907e-04,2.0860489e-02]
2;3;1;[2.9204104e-03,5.7746392e-01,2.4884650e-01,1.7068522e-01,8.3912149e-05]
3;3;1;[7.2792504e-04,9.1951817e-01,2.9936770e-03,7.6728038e-02,3.2106593e-05]
4;1;1;[3.3064387e-04,7.9885983e-01,1.3132998e-02,1.8702260e-01,6.5397692e-04]
5;3;1;[1.16568012e-03,7.66580880e-01,4.85133454e-02,1.83628261e-01,1.11825255e-04]
6;1;1;[4.4392969e-04,9.0203643e-01,2.6598137e-03,9.4766229e-02,9.3692157e-05]
7;1;1;[0.00278236,0.43182147,0.3035501 ,0.25868818,0.00315788]
8;1;1;[1.64306890e-02,4.73647922e-01,2.61728376e-01,2.48076499e-01,1.16528536e-04]
9;2;1;[5.6902715e-03,4.4246331e-01,2.7728349e-01,2.7449203e-01,7.0881433e-05]
10;0;0;[9.6337712e-01,3.3065122e-02,1.0441971e-03,8.0628111e-04,1.7072846e-03]
2;3;1;[0.00118074,0.58021533,0.14054498,0.27690226,0.00115666]
3;1;1;[6.4060505e-04,8.0976754e-01,2.7980572e-03,1.8665482e-01,1.3902463e-04]
4;2;1;[0.00257316,0.5201234 ,0.18926492,0.28173313,0.00630536]
5;0;0;[0.86829287,0.11570748,0.00223881,0.0042163 ,0.00954457]
2;1;1;[1.0418810e-03,9.3381286e-01,2.9645278e-03,6.2159121e-02,2.1653061e-05]
3;2;1;[0.00107681,0.74674344,0.100696  ,0.14987873,0.00160511]
4;0;0;[9.1842777e-01,7.7391721e-02,2.2527063e-03,5.8002037e-04,1.3477224e-03]
2;0;0;[8.8915211e-01,1.0617729e-01,3.1273703e-03,9.8987774e-04,5.5324531e-04]
2;0;0;[9.7664183e-01,2.0093732e-02,1.4155220e-03,2.4974646e-04,1.5992548e-03]
2;0;0;[9.5301127e-01,4.2465176e-02,1.9116675e-03,4.1152103e-04,2.2003232e-03]
2;0;0;[9.7773576e-01,1.8968543e-02,1.3511790e-03,1.9621373e-04,1.7483237e-03]
2;0;0;[9.8154426e-01,1.5290166e-02,1.1494982e-03,2.0121336e-04,1.8147740e-03]
2;0;0;[9.8336917e-01,1.3044675e-02,1.0874724e-03,1.9613819e-04,2.3026250e-03]
2;0;0;[9.7839600e-01,1.8212806e-02,1.2442569e-03,1.8182800e-04,1.9650802e-03]
2;2;1;[4.6286493e-04,9.7337478e-01,1.3912586e-02,1.1892281e-02,3.5751876e-04]
3;0;0;[0.8808793 ,0.06304421,0.00459943,0.00111846,0.05035865]
2;1;1;[2.37409421e-03,9.40377653e-01,5.81229199e-03,5.13233952e-02,1.12542984e-04]
3;2;1;[0.00205254,0.75134903,0.121374  ,0.11990035,0.00532411]
4;0;0;[0.7076577 ,0.28141502,0.00278719,0.00375774,0.00438242]
2;0;0;[9.5256931e-01,4.3341320e-02,1.8007905e-03,4.7506590e-04,1.8135114e-03]
2;2;1;[1.7175159e-03,5.3809172e-01,3.8601461e-01,7.3960945e-02,2.1520371e-04]
3;0;0;[8.8664186e-01,1.5561062e-02,1.1916326e-03,2.8197010e-04,9.6323445e-02]
2;0;0;[9.6731633e-01,2.9251553e-02,1.4135087e-03,4.0335124e-04,1.6152301e-03]
2;0;0;[9.3105239e-01,6.4905599e-02,2.3247481e-03,6.1170757e-04,1.1055438e-03]
2;2;1;[1.72307005e-03,5.89608490e-01,2.97313273e-01,1.11196935e-01,1.58242809e-04]
3;0;0;[9.1005141e-01,2.5290018e-02,1.2127457e-03,4.8805113e-04,6.2957779e-02]
2;1;1;[1.0122621e-03,9.3862152e-01,2.7717815e-03,5.7563484e-02,3.0936098e-05]
3;1;1;[0.00086933,0.79278004,0.08470084,0.12006779,0.00158197]
4;1;1;[1.3758325e-03,8.7361211e-01,3.4761582e-02,9.0209171e-02,4.1356885e-05]
5;1;1;[5.0456114e-03,4.5284936e-01,2.9831219e-01,2.4364746e-01,1.4539128e-04]
6;2;1;[5.2857227e-03,5.5678421e-01,2.3207670e-01,2.0576936e-01,8.3948587e-05]
7;0;0;[9.8066986e-01,1.5958570e-02,4.0954872e-04,4.6911216e-04,2.4929012e-03]
2;1;1;[2.1092226e-03,5.6113338e-01,3.0636287e-01,1.3022903e-01,1.6543728e-04]
3;2;1;[1.9409214e-03,5.1675588e-01,4.3443081e-01,4.6504416e-02,3.6802157e-04]
4;0;0;[9.0148574e-01,8.5239913e-03,1.2829673e-03,3.1476212e-04,8.8392593e-02]
2;0;0;[9.7128230e-01,2.6108103e-02,1.3805842e-03,4.9527601e-04,7.3375780e-04]
2;2;1;[2.2251604e-03,5.0124925e-01,4.3235162e-01,6.4054988e-02,1.1895436e-04]
3;0;0;[9.5458931e-01,1.1962001e-02,1.5635059e-03,2.8414041e-04,3.1601135e-02]
2;0;0;[9.1748095e-01,7.8290023e-02,2.6247941e-03,8.4813539e-04,7.5619045e-04]
2;3;1;[0.00141368,0.46779346,0.12897342,0.40109184,0.00072746]
3;1;1;[2.5274255e-04,8.2351249e-01,1.9622783e-03,1.7422922e-01,4.3220021e-05]
4;1;1;[0.00111546,0.61168003,0.1456893 ,0.2390285 ,0.00248682]
5;1;1;[4.4659004e-03,5.7406282e-01,2.3012221e-01,1.9117689e-01,1.7216800e-04]
6;2;1;[4.2455345e-03,4.4530797e-01,2.5577396e-01,2.9451478e-01,1.5776556e-04]
7;0;0;[9.7746789e-01,1.4021563e-02,3.7111656e-04,1.0908186e-03,7.0485892e-03]
2;1;1;[9.9461200e-04,9.2011809e-01,3.2654428e-03,7.5588793e-02,3.3014276e-05]
3;2;1;[0.00113658,0.70820177,0.11523949,0.17384592,0.00157627]
4;0;0;[0.5181046 ,0.47284004,0.00395393,0.00397268,0.00112879]
2;0;0;[8.86697769e-01,1.08702816e-01,3.11303954e-03,9.55588592e-04,5.30833669e-04]
2;0;0;[9.6346152e-01,3.3776920e-02,1.7113786e-03,4.4308975e-04,6.0708623e-04]
2;1;1;[2.8483593e-03,6.0756832e-01,2.2254871e-01,1.6696459e-01,7.0061244e-05]
3;2;1;[2.0159658e-03,6.5475208e-01,2.4885790e-01,9.4152607e-02,2.2154039e-04]
4;0;0;[9.01331425e-01,8.06976482e-02,2.82178377e-03,6.13605313e-04,1.45354895e-02]
2;0;0;[8.5215873e-01,1.4287034e-01,3.5307067e-03,1.0151692e-03,4.2508615e-04]
2;0;0;[8.5293627e-01,1.4208990e-01,3.5283989e-03,1.0191048e-03,4.2621561e-04]
2;1;1;[2.4537842e-03,6.3580167e-01,1.9847970e-01,1.6321003e-01,5.4827771e-05]
3;1;2;[7.8396769e-03,3.3238146e-01,6.3458532e-01,2.4933590e-02,2.5998708e-04]
4;2;1;[3.5164927e-03,4.7724268e-01,4.7197509e-01,4.7129095e-02,1.3666510e-04]
5;0;0;[9.5177954e-01,2.3684373e-02,3.4759457e-03,5.6612235e-04,2.0494005e-02]
2;1;1;[8.0670969e-04,9.4033086e-01,2.9608610e-03,5.5774424e-02,1.2711735e-04]
3;3;1;[0.0010625 ,0.7585675 ,0.097478  ,0.13857588,0.00431617]
4;1;1;[2.29219178e-04,9.13548291e-01,1.48555986e-03,8.46151486e-02,1.21789875e-04]
5;3;1;[0.00179332,0.5563632 ,0.17217705,0.2639524 ,0.00571407]
6;1;1;[5.5286463e-04,9.3759334e-01,1.9503486e-03,5.9823446e-02,8.0061182e-05]
7;3;1;[0.0018217 ,0.45620987,0.20103975,0.33963978,0.00128891]
8;1;1;[7.9122116e-04,9.5840275e-01,2.0638674e-03,3.8709283e-02,3.2866734e-05]
9;3;1;[1.4722100e-03,5.2706587e-01,2.2012118e-01,2.5085643e-01,4.8428038e-04]
10;1;1;[8.5942337e-04,9.6955967e-01,2.2582926e-03,2.7297188e-02,2.5426649e-05]
11;1;1;[1.4950545e-03,5.5819649e-01,2.3981644e-01,2.0012678e-01,3.6521335e-04]
12;2;1;[5.3848778e-03,6.5703583e-01,1.4823036e-01,1.8929259e-01,5.6270306e-05]
13;0;1;[4.5737168e-01,5.3581309e-01,4.0098350e-03,2.4460838e-03,3.5928437e-04]
2;1;1;[8.1666361e-04,9.4059688e-01,2.9715851e-03,5.5489764e-02,1.2508960e-04]
3;3;1;[0.00106983,0.75947404,0.09745345,0.13769267,0.00431002]
4;1;1;[2.29163765e-04,9.14204121e-01,1.48182001e-03,8.39639157e-02,1.20989185e-04]
5;3;1;[0.00179121,0.55519164,0.1724404 ,0.26495892,0.00561782]
6;1;1;[5.5071909e-04,9.3771523e-01,1.9455830e-03,5.9708890e-02,7.9553392e-05]
7;3;1;[0.00183205,0.45634243,0.20195419,0.3385932 ,0.00127804]
8;1;1;[7.9660420e-04,9.5840394e-01,2.0773252e-03,3.8689282e-02,3.2904696e-05]
9;3;1;[1.4715282e-03,5.2733850e-01,2.2005287e-01,2.5065485e-01,4.8231994e-04]
10;1;1;[8.5754372e-04,9.6962869e-01,2.2544079e-03,2.7233960e-02,2.5326835e-05]
11;1;1;[1.4940387e-03,5.5893975e-01,2.3935355e-01,1.9984849e-01,3.6415254e-04]
12;2;1;[5.3737168e-03,6.5753126e-01,1.4785846e-01,1.8918040e-01,5.6205692e-05]
13;0;1;[4.5633844e-01,5.3684461e-01,4.0111458e-03,2.4474037e-03,3.5839144e-04]
2;0;0;[9.8247689e-01,1.4461982e-02,1.1993996e-03,2.4575638e-04,1.6159199e-03]
2;0;0;[9.7560567e-01,2.0492306e-02,1.3140702e-03,2.8385015e-04,2.3041854e-03]
2;2;2;[3.1349810e-03,4.1235462e-01,5.6208754e-01,2.2194287e-02,2.2863538e-04]
3;0;0;[9.0769005e-01,6.6848644e-03,1.5879489e-03,1.7387827e-04,8.3863243e-02]
2;3;1;[3.9575130e-04,9.2168152e-01,2.5162196e-02,5.2283388e-02,4.7710119e-04]
3;1;1;[3.11256066e-04,8.70369494e-01,4.67260787e-03,1.24332644e-01,3.13986093e-04]
4;2;1;[0.00145856,0.7701513 ,0.11614988,0.10720327,0.00503698]
5;0;0;[0.78032386,0.10678577,0.00238058,0.0028005 ,0.10770934]
2;1;1;[0.00099623,0.71074015,0.10815258,0.17913657,0.00097445]
3;2;1;[1.0101121e-03,8.3719450e-01,9.7899988e-02,6.3287392e-02,6.0794462e-04]
4;0;0;[7.1991771e-01,1.8236585e-02,1.1305946e-03,4.6144839e-04,2.6025367e-01]
2;2;1;[2.4687848e-03,5.4212797e-01,3.1766099e-01,1.3756810e-01,1.7410776e-04]
3;0;0;[9.1884005e-01,2.5437452e-02,1.5790055e-03,4.6307960e-04,5.3680480e-02]
2;0;0;[9.5615196e-01,4.0696871e-02,1.6664480e-03,5.7189394e-04,9.1281161e-04]
2;0;0;[9.1357654e-01,8.2196921e-02,2.6618063e-03,8.4450078e-04,7.2032702e-04]
2;3;1;[1.0219362e-03,9.3588960e-01,2.8507162e-03,6.0213421e-02,2.4353581e-05]
3;1;1;[2.7515230e-04,7.7448833e-01,1.3657579e-02,2.1081112e-01,7.6780439e-04]
4;1;1;[1.27071503e-03,7.67339766e-01,4.16872315e-02,1.89584389e-01,1.17936506e-04]
5;3;1;[7.6533286e-03,4.8601708e-01,1.9289805e-01,3.1329429e-01,1.3722808e-04]
6;3;1;[8.0897170e-04,9.1874313e-01,2.9706529e-03,7.7394225e-02,8.3017505e-05]
7;1;1;[7.9530146e-05,8.7074488e-01,8.5314447e-03,1.2049385e-01,1.5031925e-04]
8;2;1;[1.9580431e-03,5.8411348e-01,8.8180594e-02,3.2556015e-01,1.8771050e-04]
9;1;0;[0.609815  ,0.37968814,0.00303   ,0.00666755,0.00079926]
10;2;1;[7.0707058e-04,3.5442182e-01,3.1417367e-01,3.3062789e-01,6.9513095e-05]
11;0;0;[6.7191464e-01,3.2311577e-01,2.2867285e-03,2.0846380e-03,5.9823331e-04]
2;0;0;[9.5571697e-01,4.1343689e-02,1.7943523e-03,5.1975477e-04,6.2513014e-04]
2;0;0;[9.4714528e-01,4.9608029e-02,2.1446235e-03,5.3262111e-04,5.6942418e-04]
2;1;1;[1.2461209e-03,5.1853615e-01,4.3093172e-01,4.9001925e-02,2.8400854e-04]
3;2;1;[9.3806937e-04,5.5576473e-01,3.6110699e-01,8.1665784e-02,5.2444747e-04]
4;0;0;[7.8046328e-01,1.4675333e-02,1.1828329e-03,4.2199207e-04,2.0325655e-01]
2;0;0;[9.7789222e-01,1.8286496e-02,1.2519908e-03,2.5920718e-04,2.3100879e-03]
2;0;0;[9.6610236e-01,3.0056480e-02,1.5286177e-03,3.1697852e-04,1.9954757e-03]
2;0;0;[9.6541458e-01,3.0403957e-02,1.5773755e-03,3.1260191e-04,2.2915071e-03]
2;1;2;[1.8988658e-03,4.1220784e-01,5.4999954e-01,3.5618864e-02,2.7488949e-04]
3;1;1;[0.00183976,0.50549936,0.43253043,0.05947267,0.00065783]
4;1;1;[0.00134377,0.6182107 ,0.3365544 ,0.04304099,0.00085013]
5;3;1;[0.00307448,0.6367744 ,0.29091582,0.06840541,0.00082989]
6;1;1;[7.4591651e-04,9.5485103e-01,2.8734752e-03,4.1108795e-02,4.2085582e-04]
7;2;1;[0.00091167,0.70048183,0.08875142,0.20769589,0.00215919]
8;0;1;[0.24290174,0.74779785,0.0025681 ,0.00586369,0.00086862]
2;1;2;[1.9280320e-03,4.5093054e-01,5.0105780e-01,4.5809530e-02,2.7403503e-04]
3;1;1;[0.00145843,0.54644877,0.38350666,0.06793857,0.00064763]
4;1;1;[0.00127918,0.65158045,0.3025348 ,0.04377038,0.00083523]
5;2;1;[0.002628  ,0.65714586,0.2779161 ,0.06159243,0.00071766]
6;0;0;[9.0143293e-01,2.2968300e-02,6.9756218e-04,2.7121021e-04,7.4630015e-02]
2;1;1;[1.6059714e-03,9.4308054e-01,4.4411421e-03,5.0774172e-02,9.8142678e-05]
3;2;1;[0.00141863,0.77698165,0.09982188,0.11767986,0.00409793]
4;0;0;[0.78317434,0.20748433,0.00290547,0.00234769,0.00408813]
2;2;1;[3.6102094e-04,9.2472148e-01,2.2863813e-02,5.1625811e-02,4.2797439e-04]
3;0;0;[0.5707878 ,0.39583787,0.00919872,0.00392429,0.02025139]
2;1;1;[9.4821432e-04,9.3889081e-01,2.7492966e-03,5.7354867e-02,5.6905985e-05]
3;2;1;[0.00183688,0.64849913,0.15717   ,0.18482047,0.00767349]
4;0;0;[0.9005747 ,0.09092771,0.00272392,0.00115591,0.00461772]
2;1;1;[1.7051233e-03,5.3922886e-01,3.8491851e-01,7.3932268e-02,2.1528645e-04]
3;2;1;[0.00170213,0.5856358 ,0.32816288,0.08358945,0.00090977]
4;0;0;[8.0731994e-01,1.6740065e-02,1.3513934e-03,4.4043732e-04,1.7414814e-01]
2;0;0;[9.6779823e-01,2.8445873e-02,1.4820533e-03,3.5841193e-04,1.9153671e-03]
2;2;1;[2.1179025e-03,5.6082112e-01,3.0842617e-01,1.2846738e-01,1.6739097e-04]
3;0;0;[9.2181593e-01,2.0055067e-02,1.1643074e-03,3.7839854e-04,5.6586251e-02]
2;0;0;[9.6402496e-01,3.2943234e-02,1.8700161e-03,3.9134748e-04,7.7045202e-04]
2;0;0;[9.6174455e-01,3.5356924e-02,1.9312161e-03,4.3498198e-04,5.3232681e-04]
2;0;0;[8.8462085e-01,1.1084272e-01,3.0940571e-03,9.2650979e-04,5.1584683e-04]
2;0;0;[9.6423131e-01,3.3030007e-02,1.7009469e-03,4.6616927e-04,5.7166227e-04]
2;1;1;[1.1988602e-03,9.1268742e-01,4.1863210e-03,8.1901431e-02,2.5928197e-05]
3;2;1;[0.00225171,0.59743685,0.17969866,0.21835601,0.00225673]
4;0;0;[0.848493  ,0.14476882,0.00362342,0.00118268,0.00193209]
2;0;0;[8.5558957e-01,1.3883781e-01,3.7826598e-03,1.3449731e-03,4.4499571e-04]
2;0;0;[8.5567403e-01,1.3873021e-01,3.7948331e-03,1.3548377e-03,4.4604833e-04]
2;0;0;[9.7331941e-01,2.2705000e-02,1.3727167e-03,3.0744393e-04,2.2954252e-03]
2;0;0;[9.8612416e-01,1.0442395e-02,9.8985760e-04,1.6191715e-04,2.2815715e-03]
2;0;0;[9.7879708e-01,1.7674716e-02,1.2182830e-03,2.5583716e-04,2.0540429e-03]
2;0;0;[9.7976297e-01,1.6488198e-02,1.1990055e-03,2.3837783e-04,2.3114402e-03]
2;0;0;[9.8104376e-01,1.5259571e-02,1.1626334e-03,2.2404481e-04,2.3099678e-03]
2;0;0;[9.6736568e-01,2.8981093e-02,1.7050421e-03,3.6441241e-04,1.5839003e-03]
2;0;0;[9.7187871e-01,2.4907198e-02,1.4904164e-03,3.1476014e-04,1.4089174e-03]
2;0;0;[9.6727866e-01,2.8953077e-02,1.4936664e-03,3.6242898e-04,1.9122049e-03]
2;0;0;[9.6426654e-01,3.2125302e-02,1.6825232e-03,3.3141728e-04,1.5942710e-03]
2;0;0;[9.6672618e-01,2.9492481e-02,1.5067753e-03,3.6663667e-04,1.9079804e-03]
2;0;0;[9.1572231e-01,8.0203913e-02,2.4965385e-03,6.5524119e-04,9.2195073e-04]
2;1;1;[9.1366883e-04,9.3385285e-01,2.7528880e-03,6.2440287e-02,4.0271134e-05]
3;1;1;[0.00091647,0.7688349 ,0.09187032,0.13640687,0.00197149]
4;2;1;[6.5449686e-03,7.4207586e-01,1.4923279e-01,1.0192973e-01,2.1663551e-04]
5;0;0;[9.7494024e-01,1.7025016e-02,1.0784431e-03,2.3474476e-04,6.7216326e-03]
2;0;0;[9.6093678e-01,3.5732407e-02,1.5291636e-03,5.3485122e-04,1.2667996e-03]
2;0;0;[9.5558548e-01,4.0924676e-02,1.6969474e-03,5.1080773e-04,1.2821238e-03]
2;0;0;[9.4683266e-01,4.9292628e-02,2.0702302e-03,5.3201261e-04,1.2724153e-03]
2;1;1;[9.8086952e-04,9.3757027e-01,2.7622853e-03,5.8653627e-02,3.2991942e-05]
3;1;1;[0.00088219,0.7869762 ,0.08652711,0.12394023,0.00167425]
4;1;1;[1.4028351e-03,8.7321562e-01,3.6207147e-02,8.9131922e-02,4.2461936e-05]
5;2;1;[5.1530562e-03,4.4929171e-01,3.0810598e-01,2.3729774e-01,1.5154213e-04]
6;0;0;[9.4309366e-01,5.3315673e-02,7.1521202e-04,6.7521841e-04,2.2001199e-03]
2;0;0;[9.2914540e-01,6.6553153e-02,2.4963834e-03,6.9028267e-04,1.1148718e-03]
2;0;0;[9.1347480e-01,8.2298748e-02,2.6627653e-03,8.4434752e-04,7.1936054e-04]
2;0;0;[8.9606303e-01,9.9307038e-02,3.0065803e-03,9.1475289e-04,7.0860999e-04]
2;0;0;[8.8457859e-01,1.1088647e-01,3.0935819e-03,9.2589884e-04,5.1556597e-04]
2;0;0;[8.8471872e-01,1.1074059e-01,3.0955405e-03,9.2839904e-04,5.1680754e-04]
2;0;0;[9.2424029e-01,7.2024770e-02,2.4317463e-03,6.9323502e-04,6.0989091e-04]
2;0;0;[8.6748976e-01,1.2731807e-01,3.5679219e-03,1.1626892e-03,4.6156358e-04]
2;1;1;[1.0208871e-03,9.4304818e-01,3.2809668e-03,5.2546561e-02,1.0347307e-04]
3;2;1;[0.00116294,0.7726561 ,0.09628893,0.12581332,0.00407871]
4;0;0;[0.6297477 ,0.36055896,0.00297572,0.00350652,0.00321116]
2;0;0;[9.7419202e-01,2.1965614e-02,1.3507893e-03,2.3592371e-04,2.2556235e-03]
2;0;0;[9.3709350e-01,5.8646109e-02,2.4509584e-03,4.9334706e-04,1.3160470e-03]
2;0;0;[9.5007247e-01,4.5795608e-02,1.8471363e-03,4.9419183e-04,1.7905075e-03]
2;0;0;[9.5291090e-01,4.3005958e-02,1.7941978e-03,4.7244789e-04,1.8165015e-03]
2;0;0;[9.6554202e-01,3.0648652e-02,1.5336176e-03,3.7565501e-04,1.9000034e-03]
2;0;0;[9.4555795e-01,5.0751679e-02,1.8807801e-03,5.8755692e-04,1.2220970e-03]
2;1;1;[9.1720640e-04,9.3411648e-01,2.7529313e-03,6.2173549e-02,3.9743845e-05]
3;2;1;[0.00116233,0.7216023 ,0.10890378,0.16428573,0.00404586]
4;0;0;[0.81399465,0.17816958,0.00276845,0.00153741,0.00352984]
2;0;0;[9.1265178e-01,8.3122380e-02,2.6684222e-03,8.4372400e-04,7.1373582e-04]
2;1;1;[2.6662447e-03,5.9632248e-01,2.4622689e-01,1.5470129e-01,8.3104576e-05]
3;2;1;[1.9018793e-03,6.5058857e-01,2.5400212e-01,9.3153417e-02,3.5394763e-04]
4;0;0;[9.1319424e-01,4.6241198e-02,1.5614331e-03,6.3950807e-04,3.8363550e-02]
2;0;0;[9.8081654e-01,1.5476494e-02,1.1700639e-03,2.2680126e-04,2.3101741e-03]
2;1;0;[9.6778274e-01,2.8087433e-02,1.7231526e-03,2.5370964e-04,2.1530066e-03]
3;2;2;[1.26618857e-03,3.35083365e-01,5.61941445e-01,1.01317875e-01,3.91075533e-04]
4;1;0;[0.6049131 ,0.38170668,0.00823114,0.0039357 ,0.00121332]
5;1;2;[2.3149338e-03,2.6453975e-01,6.3670069e-01,9.6269183e-02,1.7551256e-04]
6;1;1;[1.5765011e-02,6.7980814e-01,2.1780147e-01,8.6568572e-02,5.6777233e-05]
7;2;2;[1.0904872e-02,3.5861561e-01,5.6324989e-01,6.7172050e-02,5.7559104e-05]
8;0;0;[7.3697734e-01,2.5769234e-01,3.8146398e-03,1.1103944e-03,4.0526682e-04]
2;0;0;[9.5297062e-01,4.2947680e-02,1.7945654e-03,4.7186375e-04,1.8152100e-03]
2;2;1;[5.0643546e-04,9.2203480e-01,2.7579689e-02,4.9308095e-02,5.7085761e-04]
3;0;0;[0.69735444,0.25965106,0.00787173,0.00318163,0.03194117]
2;3;1;[1.7457251e-03,5.8763129e-01,2.9742754e-01,1.1303729e-01,1.5815767e-04]
3;1;1;[8.1234955e-04,9.1652751e-01,2.5913897e-03,7.9980500e-02,8.8281391e-05]
4;2;1;[0.00183479,0.74062276,0.10956535,0.1410775 ,0.00689957]
5;0;1;[0.45014852,0.53999794,0.00320868,0.00401987,0.00262502]
2;0;0;[9.4014126e-01,5.5889491e-02,2.1816317e-03,5.7157548e-04,1.2160083e-03]
2;0;0;[9.0594757e-01,8.9842729e-02,2.7115319e-03,8.3277369e-04,6.6548609e-04]
2;0;0;[9.2038065e-01,7.5391501e-02,2.5945217e-03,8.4895873e-04,7.8434305e-04]
