prefix_length;ground_truth;predicted;prediction_probs
2;0;0;[9.4884866e-01,2.7211646e-02,2.1934062e-02,1.2106557e-03,7.9505995e-04]
2;0;0;[0.95118695,0.02175384,0.0248454 ,0.00113427,0.00107962]
2;0;0;[8.9732820e-01,8.3471410e-02,1.7680712e-02,1.1900222e-03,3.2963214e-04]
2;1;1;[0.04823061,0.48988497,0.2351647 ,0.20666538,0.02005438]
3;1;1;[0.05518933,0.45962325,0.41374245,0.04928355,0.02216139]
4;2;2;[0.06598431,0.41934052,0.4801972 ,0.01668608,0.01779185]
5;0;0;[9.80802417e-01,1.72240529e-02,1.83712714e-03,1.11636175e-04,2.48138240e-05]
2;1;1;[0.04148733,0.4796827 ,0.26270416,0.20441504,0.01171075]
3;2;1;[0.05648371,0.5738083 ,0.25752923,0.10407058,0.00810815]
4;0;0;[9.2954600e-01,6.4220890e-02,4.8375148e-03,1.3381632e-03,5.7405017e-05]
2;0;0;[8.9662528e-01,7.3405869e-02,2.7614431e-02,1.6434672e-03,7.1089959e-04]
2;1;1;[0.03919503,0.810878  ,0.02021824,0.11161438,0.01809437]
3;1;1;[0.02078044,0.6362033 ,0.08393074,0.25485393,0.00423155]
4;1;1;[0.04203671,0.6649873 ,0.12041358,0.15958169,0.01298072]
5;1;1;[0.02228976,0.6090544 ,0.13720886,0.22170517,0.00974177]
6;1;1;[0.022973  ,0.5615771 ,0.12329496,0.2844707 ,0.00768425]
7;3;1;[0.02290968,0.53667897,0.1167243 ,0.31842893,0.00525809]
8;1;1;[0.0365706 ,0.7773654 ,0.01789196,0.16476274,0.00340942]
9;1;1;[0.01831965,0.4961084 ,0.08870889,0.39420465,0.00265834]
10;1;1;[0.04271795,0.65511006,0.06982414,0.22940373,0.00294421]
11;1;1;[0.01427581,0.5779007 ,0.1073919 ,0.29612297,0.00430859]
12;3;1;[0.0170796 ,0.62663186,0.09796355,0.2529185 ,0.00540654]
13;1;1;[0.01470507,0.8309002 ,0.01401264,0.13813682,0.00224517]
14;1;1;[0.0151722 ,0.46964383,0.11608724,0.39580283,0.00329392]
15;2;1;[0.03582388,0.5580123 ,0.06939328,0.33542114,0.00134933]
16;0;0;[8.7428683e-01,1.1623183e-01,1.8895041e-03,7.5199180e-03,7.1957758e-05]
2;2;2;[0.07613508,0.15150492,0.7309266 ,0.02750592,0.01392748]
3;0;0;[9.6201187e-01,2.1395203e-02,1.5841657e-02,6.5872172e-04,9.2496353e-05]
2;0;0;[9.3269420e-01,4.2210780e-02,2.3007685e-02,1.3904705e-03,6.9675723e-04]
2;0;0;[8.4932679e-01,1.0755312e-01,4.0887486e-02,1.5800615e-03,6.5253768e-04]
2;0;0;[9.1729009e-01,4.8486546e-02,3.1872477e-02,1.4557011e-03,8.9514628e-04]
2;1;1;[0.05315158,0.47563437,0.301626  ,0.15303616,0.0165519 ]
3;1;1;[0.05747709,0.5857081 ,0.24853738,0.09919763,0.00907982]
4;2;1;[0.0560235 ,0.4686512 ,0.40183872,0.04214799,0.03133858]
5;0;0;[9.7671264e-01,1.9539790e-02,3.4450849e-03,2.3977146e-04,6.2638675e-05]
2;0;0;[0.9463956 ,0.01797906,0.03237484,0.00131157,0.00193892]
2;2;1;[0.03973931,0.47595295,0.25961626,0.21265222,0.0120392 ]
3;0;0;[9.7756004e-01,1.6942920e-02,4.6035014e-03,8.4530312e-04,4.8288675e-05]
2;1;1;[0.03971436,0.47635934,0.25876784,0.21316423,0.01199423]
3;1;1;[0.05361082,0.578595  ,0.27721685,0.08006941,0.010508  ]
4;2;1;[0.05160429,0.5946307 ,0.27761155,0.05687496,0.01927842]
5;0;0;[8.92256916e-01,1.05203666e-01,1.76178361e-03,6.80312281e-04,9.71688569e-05]
2;1;1;[0.03509189,0.8019679 ,0.01878782,0.13055003,0.01360235]
3;3;1;[0.03013006,0.725678  ,0.05717575,0.18413068,0.00288549]
4;1;1;[0.02090793,0.851355  ,0.0069132 ,0.11753304,0.00329077]
5;2;1;[0.02562118,0.5046022 ,0.10754067,0.35738596,0.00484999]
6;0;0;[9.7877067e-01,1.7453333e-02,2.5139977e-03,1.1369084e-03,1.2507067e-04]
2;0;0;[9.4917703e-01,2.7821593e-02,2.0619955e-02,1.5019206e-03,8.7947363e-04]
2;2;1;[0.0578549 ,0.42770875,0.4008708 ,0.09572974,0.01783579]
3;0;0;[9.4266552e-01,5.1800270e-02,4.6824743e-03,8.2221528e-04,2.9532725e-05]
2;0;0;[8.7565631e-01,1.0996397e-01,1.0547090e-02,3.5643089e-03,2.6836561e-04]
2;0;0;[8.8246638e-01,9.8942913e-02,1.7650733e-02,7.3433452e-04,2.0568423e-04]
2;0;0;[9.5002300e-01,2.4527768e-02,2.3613438e-02,1.0520198e-03,7.8366580e-04]
2;1;1;[0.05317488,0.826967  ,0.0175019 ,0.08049613,0.02186004]
3;1;1;[0.0335732 ,0.62972033,0.12009376,0.20870079,0.00791189]
4;3;1;[0.03796259,0.5955285 ,0.154017  ,0.19694486,0.01554703]
5;1;1;[0.02120968,0.78468835,0.01772621,0.16918968,0.00718606]
6;1;1;[0.02858762,0.42654547,0.11870957,0.4228563 ,0.0033011 ]
7;1;1;[0.02616181,0.514067  ,0.08554018,0.3724267 ,0.00180431]
8;3;1;[0.01761583,0.46132246,0.09793564,0.42157578,0.00155041]
9;1;1;[0.03324937,0.84835243,0.01047773,0.10558598,0.00233437]
10;1;1;[0.01816201,0.55506676,0.11353305,0.31135306,0.00188512]
11;2;1;[0.04672737,0.67729914,0.089121  ,0.18361852,0.003234  ]
12;0;0;[5.5363029e-01,4.0842217e-01,1.8666919e-02,1.8803256e-02,4.7743684e-04]
2;0;0;[8.7738395e-01,1.0653222e-01,1.5359282e-02,5.7317986e-04,1.5140038e-04]
2;0;0;[8.5399687e-01,1.2615900e-01,1.9127822e-02,5.6753872e-04,1.4871160e-04]
2;1;1;[0.04874721,0.8214549 ,0.01953638,0.08742874,0.02283281]
3;3;1;[0.02495916,0.6721879 ,0.06127309,0.23780908,0.00377082]
4;1;1;[0.02293353,0.84351534,0.00700799,0.12288065,0.00366246]
5;1;1;[0.02439138,0.52652985,0.09533266,0.34873253,0.00501357]
6;1;3;[0.01505623,0.40686372,0.08504426,0.48738304,0.00565269]
7;2;3;[0.01498403,0.3428446 ,0.07687367,0.5604946 ,0.00480307]
8;0;0;[9.8062056e-01,1.7284378e-02,8.1519067e-04,1.2151636e-03,6.4816362e-05]
2;0;0;[9.1181779e-01,6.1037671e-02,2.5264557e-02,1.2972694e-03,5.8276107e-04]
2;1;1;[0.03189515,0.81025267,0.01854691,0.13105994,0.00824539]
3;2;1;[0.04884463,0.73895746,0.06948222,0.14025636,0.0024593 ]
4;0;0;[9.7276860e-01,2.1934759e-02,4.7513559e-03,4.5469208e-04,9.0573296e-05]
2;3;1;[0.06749304,0.542404  ,0.13341452,0.25407892,0.00260951]
3;1;1;[0.04687632,0.8705052 ,0.00981662,0.07164064,0.00116126]
4;2;1;[0.08654626,0.6398756 ,0.1090664 ,0.1616753 ,0.00283645]
5;0;0;[7.4680179e-01,2.4647373e-01,2.3244419e-03,4.1841078e-03,2.1586727e-04]
2;2;1;[0.05671945,0.5132299 ,0.20681937,0.20674267,0.01648869]
3;0;0;[9.7458106e-01,2.0770945e-02,3.5346870e-03,1.0472059e-03,6.6063796e-05]
2;0;0;[9.0191728e-01,7.0413388e-02,2.5523722e-02,1.5039588e-03,6.4167840e-04]
2;0;0;[8.8579923e-01,1.0032666e-01,1.2892579e-02,8.0160861e-04,1.7996367e-04]
2;2;1;[0.05897781,0.5068169 ,0.18652998,0.22985843,0.01781687]
3;1;0;[8.6228460e-01,1.3023505e-01,4.1063209e-03,3.2764589e-03,9.7703203e-05]
4;2;1;[0.08176543,0.3783959 ,0.3377842 ,0.19882683,0.00322764]
5;0;0;[6.3313395e-01,3.5720703e-01,8.1029776e-03,1.4838007e-03,7.2327806e-05]
2;0;0;[8.4616327e-01,1.3370809e-01,1.9312344e-02,6.6471717e-04,1.5152499e-04]
2;2;1;[0.06427934,0.47272158,0.39504603,0.05540068,0.01255237]
3;0;0;[9.6798998e-01,2.2520266e-02,8.5335691e-03,8.7299070e-04,8.3171210e-05]
2;0;0;[9.5038778e-01,2.4630977e-02,2.3166751e-02,1.0640726e-03,7.5038191e-04]
2;0;0;[8.67624283e-01,1.14215106e-01,1.70365106e-02,9.27815156e-04,1.96347479e-04]
2;1;1;[0.04285896,0.8232695 ,0.01857639,0.09663926,0.01865599]
3;1;1;[0.03317463,0.7475832 ,0.05628091,0.15906869,0.0038926 ]
4;3;1;[0.04215864,0.70293784,0.09050915,0.15023977,0.01415462]
5;1;1;[0.02004721,0.8234267 ,0.01423582,0.13579518,0.00649509]
6;1;1;[0.02193187,0.48905694,0.09099008,0.39366937,0.00435173]
7;1;1;[0.02054412,0.49517447,0.06670459,0.41343978,0.00413705]
8;1;1;[0.0148296 ,0.46756417,0.07257251,0.4419337 ,0.00309999]
9;1;1;[0.01600299,0.56060284,0.06432765,0.35692295,0.00214353]
10;2;1;[0.01334299,0.5776168 ,0.06735899,0.33966753,0.00201368]
11;0;0;[9.7276962e-01,2.4999736e-02,1.3246216e-03,8.0353773e-04,1.0247720e-04]
2;3;1;[0.04884693,0.4983237 ,0.23658463,0.20097972,0.01526504]
3;1;1;[0.02811846,0.8432744 ,0.01534636,0.11033786,0.00292289]
4;2;1;[0.03877047,0.65514445,0.12289527,0.17895703,0.00423276]
5;0;0;[7.3143184e-01,2.6247105e-01,3.2940763e-03,2.6267136e-03,1.7640580e-04]
2;0;0;[9.2345583e-01,5.1795322e-02,2.2634638e-02,1.4639038e-03,6.5039523e-04]
2;0;0;[8.7558299e-01,1.0849162e-01,1.4748236e-02,9.8040118e-04,1.9671459e-04]
2;1;1;[0.03942169,0.8098279 ,0.02064947,0.11153027,0.01857059]
3;2;1;[0.02042214,0.5889408 ,0.13370356,0.25048435,0.00644915]
4;0;0;[8.5247636e-01,1.3911146e-01,5.3826417e-03,2.8324849e-03,1.9709680e-04]
2;3;1;[0.0509231 ,0.48332053,0.29799163,0.1493451 ,0.01841964]
3;1;1;[0.02853226,0.82231104,0.02059032,0.12431183,0.00425455]
4;3;1;[0.03603035,0.6138035 ,0.15057206,0.19490851,0.00468558]
5;1;1;[0.02081003,0.87314564,0.01413784,0.08784773,0.0040588 ]
6;1;1;[0.02796751,0.4847615 ,0.15162252,0.33312467,0.00252377]
7;2;1;[0.02629355,0.55568874,0.10386479,0.31210476,0.00204814]
8;0;0;[9.7456485e-01,2.0838788e-02,3.0911807e-03,1.4170540e-03,8.8064320e-05]
2;1;1;[0.03855567,0.8139362 ,0.01874388,0.11241169,0.01635258]
3;1;1;[0.03058462,0.73545855,0.05649455,0.17401935,0.00344293]
4;1;1;[0.04300876,0.70584273,0.09286015,0.1450017 ,0.01328663]
5;2;1;[0.0274465 ,0.5991861 ,0.19309422,0.16717479,0.01309836]
6;0;0;[9.7311628e-01,2.4688732e-02,1.2017481e-03,9.0656406e-04,8.6654058e-05]
2;0;0;[8.7616777e-01,1.0852021e-01,1.3928186e-02,1.1610363e-03,2.2285308e-04]
2;0;0;[8.8253093e-01,1.0316229e-01,1.2781102e-02,1.2880159e-03,2.3774605e-04]
2;0;0;[9.4516873e-01,3.4968052e-02,1.7700467e-02,1.5201793e-03,6.4254296e-04]
2;1;1;[0.03598103,0.79683536,0.02146789,0.12909117,0.01662456]
3;1;1;[0.01948594,0.7088104 ,0.07052223,0.19659553,0.00458587]
4;1;1;[0.036429  ,0.6803597 ,0.11572208,0.15270603,0.01478321]
5;2;1;[0.02177934,0.6276833 ,0.12350111,0.21737528,0.00966099]
6;0;0;[9.1938114e-01,7.7505641e-02,1.2791302e-03,1.6343265e-03,1.9982361e-04]
2;2;1;[0.03715336,0.4670621 ,0.28176013,0.20396233,0.01006208]
3;0;0;[8.6077893e-01,1.3135590e-01,5.7637249e-03,2.0726882e-03,2.8710949e-05]
2;2;1;[0.03737937,0.46827012,0.2787732 ,0.20531258,0.01026478]
3;0;0;[9.7845834e-01,1.5043996e-02,5.5445912e-03,8.9074636e-04,6.2281135e-05]
2;2;1;[0.03757685,0.4692106 ,0.27644917,0.20633161,0.01043174]
3;0;0;[8.6102206e-01,1.3104762e-01,5.6907553e-03,2.2095176e-03,3.0113539e-05]
2;0;0;[8.8881338e-01,8.3529092e-02,2.5338696e-02,1.7151916e-03,6.0375436e-04]
2;0;0;[8.9898789e-01,7.9912968e-02,1.8883482e-02,1.7515476e-03,4.6409154e-04]
2;1;1;[0.04050459,0.47772107,0.26076937,0.20702243,0.01398257]
3;2;2;[0.05525775,0.24568222,0.66580176,0.01627107,0.01698716]
4;0;0;[9.8334795e-01,1.3387854e-02,3.1127811e-03,1.3922685e-04,1.2215043e-05]
2;1;1;[0.03222977,0.79491305,0.0181001 ,0.14522229,0.0095348 ]
3;2;1;[0.03628028,0.7199892 ,0.06164945,0.17979033,0.00229082]
4;0;0;[9.7844625e-01,1.7537607e-02,3.5715180e-03,3.6158704e-04,8.3024752e-05]
2;1;1;[0.03228516,0.77621907,0.02401583,0.15427916,0.01320078]
3;1;1;[0.01513857,0.6956607 ,0.07582696,0.21006612,0.00330763]
4;2;1;[0.04111236,0.7205524 ,0.10851163,0.11954411,0.01027951]
5;1;0;[7.3320925e-01,2.5391179e-01,6.4552110e-03,6.1134333e-03,3.1032693e-04]
6;2;1;[0.04665492,0.4746958 ,0.3377412 ,0.13650753,0.00440054]
7;0;0;[9.6198982e-01,3.5331413e-02,2.2548896e-03,3.5417022e-04,6.9726491e-05]
2;1;1;[0.05168336,0.8159446 ,0.02008787,0.08755498,0.02472916]
3;3;1;[0.02786997,0.76250184,0.05286565,0.15234105,0.00442153]
4;1;1;[0.02905743,0.862925  ,0.0056696 ,0.09642605,0.0059219 ]
5;3;1;[0.0247883 ,0.49996823,0.09540939,0.37434748,0.00548661]
6;1;1;[0.0223526 ,0.8486886 ,0.00858441,0.11374747,0.00662689]
7;1;1;[0.02208307,0.45157802,0.10605906,0.41523087,0.00504898]
8;2;1;[0.03127895,0.59916675,0.06151423,0.30562422,0.00241578]
9;0;0;[8.64897788e-01,1.23161554e-01,4.44578985e-03,7.30689988e-03,1.87909463e-04]
2;0;0;[0.9482456 ,0.02100104,0.0287506 ,0.00095892,0.00104376]
2;1;1;[0.05440937,0.8218369 ,0.01884545,0.0806023 ,0.024306  ]
3;3;1;[0.02878884,0.7835096 ,0.05181862,0.13134515,0.00453786]
4;1;1;[0.03032466,0.8685291 ,0.0053689 ,0.08926485,0.00651255]
5;3;1;[0.02711104,0.46932173,0.10539605,0.3932054 ,0.00496584]
6;1;1;[0.02515163,0.81796736,0.01063326,0.13989218,0.00635554]
7;1;1;[0.0236787 ,0.44818854,0.10051403,0.42408162,0.00353709]
8;3;1;[0.03299163,0.59756655,0.05930297,0.30827054,0.00186828]
9;1;1;[0.05107859,0.7270826 ,0.03456954,0.18476139,0.0025079 ]
10;3;1;[0.01746919,0.56719774,0.10146254,0.31162313,0.00224742]
11;1;1;[0.02633992,0.9084112 ,0.00568641,0.05760295,0.00195957]
12;1;1;[0.01940466,0.56794775,0.13673529,0.27383646,0.00207589]
13;2;1;[0.04587861,0.67770725,0.09879219,0.17398767,0.00363433]
14;0;1;[2.9145810e-01,6.6189283e-01,1.4026506e-02,3.2323007e-02,2.9963124e-04]
2;2;1;[0.065607  ,0.5241681 ,0.2169346 ,0.17838128,0.01490904]
3;0;0;[9.1686362e-01,7.7432476e-02,3.7473605e-03,1.8802461e-03,7.6291704e-05]
2;0;0;[8.7571490e-01,1.0773249e-01,1.5834980e-02,5.6585629e-04,1.5179355e-04]
2;0;0;[8.8515085e-01,9.9320315e-02,1.4544213e-02,8.0503512e-04,1.7970079e-04]
2;0;0;[9.1185564e-01,7.4116468e-02,1.2757451e-02,1.0447628e-03,2.2561304e-04]
2;2;2;[0.08146375,0.18508258,0.6799396 ,0.04142017,0.01209395]
3;0;0;[9.6997011e-01,2.1048956e-02,8.3426824e-03,5.9834507e-04,3.9920782e-05]
2;3;1;[0.05608672,0.50858235,0.23947105,0.1809632 ,0.01489665]
3;1;1;[0.02510795,0.79238087,0.01910616,0.15972874,0.00367635]
4;1;1;[0.02869434,0.6414317 ,0.11315761,0.21334344,0.00337295]
5;3;1;[0.02335204,0.5718747 ,0.12766534,0.27278027,0.0043277 ]
6;1;1;[0.03354444,0.7696192 ,0.02867762,0.16430761,0.0038511 ]
7;2;1;[0.02531572,0.4857633 ,0.13220496,0.35436904,0.00234688]
8;0;0;[8.0305970e-01,1.9198969e-01,2.1326682e-03,2.7504922e-03,6.7399691e-05]
2;1;1;[0.0485823 ,0.82218075,0.01934353,0.08734978,0.02254362]
3;2;1;[0.02505612,0.47069275,0.2486154 ,0.24057978,0.0150559 ]
4;0;0;[9.6232939e-01,3.3361956e-02,3.3020312e-03,8.8488963e-04,1.2167279e-04]
2;0;0;[0.95095587,0.0200431 ,0.02681138,0.00105678,0.00113282]
2;0;0;[8.8156152e-01,9.9795364e-02,1.7259469e-02,1.1210452e-03,2.6266632e-04]
2;1;1;[0.0429399 ,0.82289547,0.01871298,0.09659652,0.01885504]
3;1;1;[0.02782476,0.63569355,0.08129925,0.2511641 ,0.00401838]
4;3;1;[0.04506657,0.65435535,0.11725139,0.17066799,0.01265869]
5;1;1;[0.02135791,0.8002271 ,0.01856413,0.15367566,0.00617525]
6;3;1;[0.0233864 ,0.46121824,0.1033933 ,0.40796474,0.00403743]
7;1;1;[0.02678892,0.82364666,0.01003519,0.13389307,0.00563624]
8;3;1;[0.02408602,0.4418665 ,0.13652435,0.39407128,0.00345186]
9;1;1;[0.03645183,0.845671  ,0.00894883,0.10616092,0.00276742]
10;1;1;[0.02087583,0.531518  ,0.14524104,0.3002778 ,0.00208733]
11;3;1;[0.05791967,0.6521582 ,0.10641105,0.18043503,0.00307599]
12;1;1;[0.04609669,0.704657  ,0.08148126,0.16393967,0.00382532]
13;1;1;[0.01447471,0.5041528 ,0.1943812 ,0.2820507 ,0.0049406 ]
14;3;1;[0.02285548,0.5262164 ,0.17478655,0.2722413 ,0.00390028]
15;1;1;[0.05832516,0.75399375,0.04572372,0.14033662,0.00162078]
16;1;1;[0.0176048 ,0.52361155,0.15111677,0.30504403,0.00262286]
17;1;1;[0.03139498,0.6159037 ,0.12851954,0.22129628,0.00288552]
18;2;1;[0.01884977,0.49873483,0.20684925,0.27162364,0.00394252]
19;0;0;[6.9606775e-01,2.9457119e-01,4.1537290e-03,5.0951652e-03,1.1221150e-04]
2;1;1;[0.05057354,0.50202817,0.22211622,0.20883475,0.0164473 ]
3;2;1;[0.0535658 ,0.57807887,0.26095507,0.09464063,0.0127596 ]
4;1;0;[8.75802875e-01,1.18086495e-01,4.11417196e-03,1.88386126e-03,1.12657210e-04]
5;2;2;[0.0769437 ,0.3534198 ,0.4824643 ,0.08349423,0.00367803]
6;0;0;[9.2703635e-01,6.9446228e-02,3.0794258e-03,3.9519405e-04,4.2832758e-05]
2;1;1;[0.0407314 ,0.80394906,0.02330767,0.11171699,0.02029477]
3;2;1;[0.01847558,0.7031078 ,0.06219625,0.21198969,0.00423063]
4;0;1;[4.8213524e-01,5.0364709e-01,6.9396649e-03,7.0566772e-03,2.2139156e-04]
2;1;1;[0.03992355,0.80754185,0.02170413,0.11130083,0.0195297 ]
3;1;1;[0.02100339,0.69643277,0.06133616,0.21757376,0.00365395]
4;1;1;[0.04466692,0.7117834 ,0.09349459,0.13614772,0.01390726]
5;1;1;[0.02230196,0.67161995,0.10673876,0.19030249,0.00903684]
6;2;1;[0.02112779,0.6008261 ,0.1038321 ,0.26667258,0.00754139]
7;0;0;[9.7016090e-01,2.6369041e-02,2.3752435e-03,9.5527078e-04,1.3950917e-04]
2;0;0;[0.9398292 ,0.0289654 ,0.02884362,0.00126401,0.00109773]
2;0;0;[0.9165375 ,0.04722403,0.03262039,0.00208209,0.00153594]
2;1;1;[0.03637743,0.4573163 ,0.3063004 ,0.19127347,0.00873242]
3;1;1;[0.05417218,0.51617897,0.33942783,0.08204018,0.00818087]
4;2;1;[0.05629032,0.56701094,0.3022585 ,0.0521374 ,0.02230278]
5;0;0;[9.5490050e-01,4.2360120e-02,2.2952715e-03,3.7808195e-04,6.6067987e-05]
2;0;0;[8.3984542e-01,1.3892105e-01,1.9784706e-02,1.2782149e-03,1.7064747e-04]
2;0;0;[8.4364742e-01,1.3585860e-01,1.9028094e-02,1.2918578e-03,1.7403196e-04]
2;0;0;[8.6875790e-01,1.1160310e-01,1.8383097e-02,1.0098302e-03,2.4621835e-04]
2;0;0;[8.4927940e-01,1.3035783e-01,1.8336099e-02,1.8211199e-03,2.0566648e-04]
2;2;1;[0.10239466,0.5115868 ,0.26294893,0.11384778,0.00922186]
3;0;0;[9.1247320e-01,8.1835374e-02,4.7215307e-03,9.1248524e-04,5.7447403e-05]
2;0;0;[8.3276802e-01,1.4283155e-01,2.3821365e-02,4.5579858e-04,1.2315203e-04]
2;0;0;[9.4645494e-01,2.4832657e-02,2.6738664e-02,1.0708780e-03,9.0298953e-04]
2;0;0;[9.4818825e-01,2.4846919e-02,2.5097288e-02,1.0413993e-03,8.2610839e-04]
2;0;0;[9.4825202e-01,2.4838183e-02,2.5043963e-02,1.0414554e-03,8.2438806e-04]
2;1;1;[0.06532084,0.5241218 ,0.21452168,0.18101142,0.01502426]
3;3;1;[0.0569594 ,0.62917244,0.18039669,0.12667885,0.00679259]
4;1;1;[0.03131169,0.8526127 ,0.01526129,0.0965413 ,0.00427301]
5;2;1;[0.02768018,0.5360025 ,0.12535231,0.30800048,0.00296449]
6;0;0;[7.1986210e-01,2.7456853e-01,2.5985034e-03,2.8577964e-03,1.1304593e-04]
2;1;1;[0.05939064,0.8106108 ,0.01960042,0.08564438,0.02475378]
3;2;1;[0.03019341,0.7395808 ,0.06153908,0.16349019,0.0051965 ]
4;0;0;[6.0836762e-01,3.8381195e-01,3.4588086e-03,3.9741257e-03,3.8750781e-04]
2;1;1;[0.05913445,0.8111793 ,0.01949644,0.08562288,0.0245669 ]
3;3;1;[0.0278756 ,0.7427695 ,0.0593721 ,0.16462341,0.00535947]
4;1;1;[0.02995723,0.8587826 ,0.00632942,0.09747008,0.00746068]
5;2;1;[0.02963115,0.44159865,0.12063011,0.4029833 ,0.00515691]
6;0;0;[9.2797917e-01,6.7379855e-02,1.6853370e-03,2.7016317e-03,2.5400196e-04]
2;1;1;[0.05877426,0.8119858 ,0.01935021,0.08559305,0.02429665]
3;2;1;[0.03063178,0.73940426,0.06182492,0.16290525,0.00523383]
4;0;0;[9.5176840e-01,4.4840444e-02,2.6093950e-03,6.3858222e-04,1.4311259e-04]
2;2;1;[0.05903611,0.5142611 ,0.22624363,0.1844234 ,0.01603579]
3;0;0;[8.9253843e-01,1.0138350e-01,3.8951284e-03,2.1072975e-03,7.5663105e-05]
2;0;0;[8.8587552e-01,1.0005046e-01,1.3238170e-02,6.7975203e-04,1.5604861e-04]
2;1;1;[0.05715665,0.81589544,0.01870203,0.0853272 ,0.02291857]
3;2;1;[0.03240057,0.7376383 ,0.06333604,0.16131322,0.00531192]
4;0;0;[9.5178270e-01,4.5005575e-02,2.4383310e-03,6.2918972e-04,1.4421271e-04]
2;2;1;[0.05920738,0.50171804,0.26237833,0.16354908,0.01314713]
3;0;0;[9.6936059e-01,2.4797553e-02,4.5114565e-03,1.2477802e-03,8.2641352e-05]
2;3;1;[0.06939525,0.53226745,0.13685243,0.25886196,0.00262289]
3;1;1;[0.04840244,0.8659983 ,0.01001627,0.07444753,0.00113535]
4;1;1;[0.08705857,0.63240105,0.11181282,0.16592687,0.00280067]
5;3;1;[0.03592442,0.5891944 ,0.13489789,0.23586783,0.00411551]
6;1;1;[0.04664402,0.7607394 ,0.03101981,0.15859497,0.00300174]
7;3;1;[0.03473152,0.4579686 ,0.13451484,0.37099653,0.0017885 ]
8;1;1;[0.04720037,0.844045  ,0.01216541,0.09475135,0.00183782]
9;3;1;[0.02934356,0.5340317 ,0.15544929,0.27973908,0.00143632]
10;1;1;[4.1177664e-02,9.1269994e-01,5.6189871e-03,3.9908573e-02,5.9478736e-04]
11;2;1;[0.03341895,0.49909008,0.2601787 ,0.20614342,0.00116883]
12;0;0;[6.2320763e-01,3.6654109e-01,5.2260887e-03,4.8911460e-03,1.3402359e-04]
2;2;1;[0.06160481,0.540766  ,0.1395276 ,0.25500798,0.00309356]
3;0;1;[4.7044289e-01,5.1756442e-01,6.9254697e-03,5.0167101e-03,5.0559091e-05]
2;2;2;[0.08866324,0.39862776,0.44705346,0.05238441,0.01327109]
3;0;0;[9.5330429e-01,3.5328746e-02,1.0114962e-02,1.1639430e-03,8.7917193e-05]
2;1;1;[0.04764636,0.82658696,0.01814148,0.08703181,0.02059343]
3;2;1;[0.0345054 ,0.7467919 ,0.05694085,0.15762459,0.00413729]
4;0;0;[5.1496869e-01,4.7700536e-01,3.0813916e-03,4.6871980e-03,2.5735321e-04]
2;2;1;[0.0439576 ,0.48198852,0.26974598,0.18623044,0.01807746]
3;0;0;[9.6706957e-01,2.7910443e-02,3.9056840e-03,1.0642884e-03,5.0048180e-05]
2;3;1;[0.04687762,0.8306554 ,0.0169104 ,0.08712176,0.01843482]
3;1;1;[0.0174241 ,0.64752036,0.0102171 ,0.31843516,0.00640322]
4;3;1;[0.05822287,0.60598004,0.06472649,0.26221457,0.00885591]
5;1;1;[0.01696229,0.80692333,0.00805554,0.15994081,0.0081181 ]
6;1;3;[0.02711886,0.4249473 ,0.10142709,0.4421318 ,0.00437488]
7;3;3;[0.03160958,0.39569396,0.09925667,0.46979275,0.00364691]
8;1;1;[0.05196002,0.57261896,0.05039082,0.32044935,0.00458079]
9;3;1;[0.02232489,0.47413394,0.09895452,0.4019555 ,0.00263102]
10;1;1;[0.03427935,0.82360476,0.00780614,0.1322611 ,0.0020487 ]
11;3;1;[0.01661915,0.5556955 ,0.11309925,0.3125279 ,0.00205828]
12;1;1;[0.02844632,0.92691076,0.00396746,0.03937802,0.00129748]
13;1;1;[0.02006051,0.5579387 ,0.16513988,0.25464612,0.00221478]
14;1;1;[0.04433447,0.6703196 ,0.11713301,0.16565779,0.00255505]
15;3;1;[0.01764142,0.54054415,0.22620389,0.211596  ,0.00401452]
16;1;1;[0.055834  ,0.88600194,0.01751248,0.03971968,0.00093188]
17;2;1;[0.02326644,0.5195699 ,0.22843125,0.22641872,0.00231371]
18;0;0;[8.2520479e-01,1.6832225e-01,3.6276006e-03,2.7358108e-03,1.0950614e-04]
2;1;2;[0.07073852,0.4189126 ,0.4424579 ,0.0525736 ,0.01531736]
3;2;2;[0.05523854,0.3627589 ,0.48349437,0.05582144,0.04268677]
4;0;0;[9.3807393e-01,5.5814810e-02,5.8338922e-03,2.4563016e-04,3.1814307e-05]
2;1;1;[0.05331256,0.8139685 ,0.01964839,0.08970559,0.02336495]
3;2;1;[0.02883347,0.6110337 ,0.10783587,0.24631737,0.00597961]
4;0;0;[8.3387077e-01,1.5851790e-01,4.2919279e-03,2.9902537e-03,3.2911604e-04]
2;1;1;[0.05310361,0.81443167,0.01956009,0.08965678,0.02324781]
3;2;2;[0.02622069,0.26740512,0.58959544,0.05889661,0.05788214]
4;0;0;[9.8658156e-01,9.4773620e-03,3.5763318e-03,3.1324531e-04,5.1528259e-05]
2;0;0;[9.1312408e-01,6.5426283e-02,1.8946750e-02,1.8768172e-03,6.2612072e-04]
2;0;0;[9.5169455e-01,2.4027504e-02,2.2235535e-02,1.1576598e-03,8.8472001e-04]
2;2;1;[0.05920316,0.52537674,0.14724517,0.2649078 ,0.00326713]
3;0;1;[4.6684098e-01,5.2032971e-01,7.5190463e-03,5.2604014e-03,4.9811690e-05]
2;1;1;[0.04000667,0.807167  ,0.021849  ,0.11133101,0.01964631]
3;3;1;[0.01791266,0.71298087,0.05651951,0.20807268,0.00451428]
4;1;1;[0.02245949,0.8666134 ,0.00677194,0.09961539,0.00453983]
5;1;1;[0.02457465,0.53222525,0.10125116,0.33583793,0.006111  ]
6;2;1;[0.02432672,0.44416258,0.12527819,0.39849773,0.00773477]
7;0;0;[9.7916472e-01,1.6576935e-02,2.0829493e-03,2.0792233e-03,9.6132899e-05]
2;3;1;[0.04078754,0.47496805,0.27368245,0.199986  ,0.01057607]
3;1;1;[0.02616909,0.8513742 ,0.01871102,0.10074495,0.00300073]
4;1;1;[0.03048578,0.7044238 ,0.11184541,0.15004906,0.00319595]
5;2;1;[0.02467703,0.62634194,0.15778403,0.18631387,0.00488312]
6;0;0;[9.5645297e-01,4.0936321e-02,1.6565369e-03,8.7527186e-04,7.8957230e-05]
2;1;1;[0.03947391,0.8095897 ,0.02078282,0.11145564,0.01869801]
3;1;1;[0.02450558,0.70347726,0.07245011,0.19519395,0.0043731 ]
4;1;1;[0.04090316,0.6687539 ,0.11156989,0.16354078,0.01523222]
5;1;1;[0.02142254,0.6183208 ,0.12128921,0.22920671,0.00976077]
6;2;1;[0.02138876,0.56097806,0.10559881,0.3046782 ,0.00735615]
7;0;0;[9.1456473e-01,8.2449131e-02,1.0834772e-03,1.7709020e-03,1.3182849e-04]
2;0;0;[8.4214485e-01,1.3738088e-01,1.9418538e-02,8.9833187e-04,1.5746064e-04]
2;1;1;[0.03837272,0.8148869 ,0.01822949,0.11280874,0.01570218]
3;1;2;[0.03205983,0.3800765 ,0.43861333,0.11767247,0.03157784]
4;1;1;[0.05301715,0.46555075,0.41067937,0.05514305,0.01560966]
5;2;1;[0.03474277,0.48608732,0.36861488,0.09303366,0.01752143]
6;0;0;[9.7706759e-01,1.8949026e-02,3.0288554e-03,7.9089578e-04,1.6361647e-04]
2;3;1;[0.03849898,0.8142225 ,0.01857475,0.1125554 ,0.01614835]
3;1;1;[0.0132431 ,0.62519485,0.0101444 ,0.3455387 ,0.00587895]
4;3;1;[0.04454482,0.6274619 ,0.17567673,0.13997659,0.01233994]
5;1;1;[0.0204221 ,0.76109296,0.02723573,0.17792897,0.01332023]
6;2;3;[0.02976973,0.37237334,0.15152206,0.4404621 ,0.00587284]
7;0;0;[9.6554726e-01,3.0642131e-02,1.3542749e-03,2.3985242e-03,5.7816782e-05]
2;0;0;[8.4303010e-01,1.3635963e-01,1.9147379e-02,1.2895105e-03,1.7343376e-04]
2;0;0;[8.5825986e-01,1.2386088e-01,1.6319180e-02,1.3667627e-03,1.9327666e-04]
2;0;0;[0.95208603,0.018499  ,0.0265242 ,0.00136812,0.00152267]
2;2;2;[0.06967545,0.4103155 ,0.4554558 ,0.04814819,0.01640496]
3;0;0;[9.55577195e-01,3.21094356e-02,1.14171235e-02,8.13263643e-04,8.30418503e-05]
2;0;0;[8.7614161e-01,9.8379515e-02,2.4315540e-02,8.7651634e-04,2.8679639e-04]
2;0;0;[9.4660336e-01,2.7468383e-02,2.4462134e-02,8.8042323e-04,5.8566971e-04]
2;0;0;[9.4898117e-01,2.3533408e-02,2.5774291e-02,9.7252330e-04,7.3863065e-04]
2;2;2;[0.09066001,0.3995434 ,0.45227692,0.04846322,0.00905647]
3;0;0;[9.51846600e-01,3.51370759e-02,1.17337890e-02,1.17726880e-03,1.05253544e-04]
2;2;1;[0.06642377,0.52245426,0.22303201,0.17328286,0.01480709]
3;0;0;[8.9539468e-01,9.8559961e-02,3.8744512e-03,2.0843500e-03,8.6543114e-05]
2;0;0;[8.9171803e-01,8.4849432e-02,2.2216115e-02,9.2666142e-04,2.8974522e-04]
2;0;0;[9.4927239e-01,2.7967751e-02,2.1089066e-02,1.0513290e-03,6.1940157e-04]
2;2;1;[0.04538613,0.47504184,0.29468295,0.16605596,0.01883314]
3;0;0;[9.1876024e-01,7.5627394e-02,4.0802252e-03,1.4895971e-03,4.2635096e-05]
2;0;0;[9.4661331e-01,3.2470815e-02,1.9618828e-02,8.8835513e-04,4.0857514e-04]
2;0;0;[9.5205617e-01,3.2806963e-02,1.3652338e-02,1.1280512e-03,3.5642213e-04]
2;3;1;[0.06423486,0.5171118 ,0.18210186,0.22018035,0.01637118]
3;3;1;[0.03287994,0.8400985 ,0.01393268,0.10971934,0.00336946]
4;1;1;[0.01740705,0.7854558 ,0.00926921,0.18596186,0.00190605]
5;3;1;[0.03050637,0.55178636,0.09941521,0.3145881 ,0.00370395]
6;1;1;[0.02121519,0.82152915,0.0132226 ,0.13845086,0.00558213]
7;3;1;[0.02823214,0.43698874,0.13883212,0.39342362,0.00252337]
8;1;1;[0.03791617,0.84342456,0.011146  ,0.10393371,0.00357955]
9;1;1;[0.02237115,0.4841868 ,0.16033141,0.33106127,0.00204928]
10;1;1;[0.06856047,0.67754143,0.09936053,0.1520026 ,0.00253498]
11;1;1;[0.01993662,0.47554484,0.2565647 ,0.24340266,0.0045511 ]
12;2;1;[0.02540275,0.5112665 ,0.21082178,0.2495147 ,0.00299422]
13;0;0;[9.3307745e-01,6.2584855e-02,2.0667997e-03,2.2047798e-03,6.6066103e-05]
2;2;1;[0.05692314,0.50552565,0.25049204,0.17289585,0.01416334]
3;0;0;[8.9798003e-01,9.6207343e-02,4.0996470e-03,1.6471675e-03,6.5773849e-05]
2;1;1;[0.04894599,0.8206073 ,0.01976331,0.08752564,0.02315776]
3;1;1;[0.02600261,0.762724  ,0.05237448,0.15434791,0.004551  ]
4;3;1;[0.03755851,0.71285117,0.09226208,0.13887116,0.01845705]
5;1;1;[0.0124938 ,0.81251264,0.01718874,0.1426813 ,0.01512348]
6;2;3;[0.01924388,0.40156093,0.08992019,0.48329207,0.00598282]
7;0;0;[9.6716368e-01,2.9985771e-02,7.5257616e-04,2.0039654e-03,9.3968498e-05]
2;0;0;[8.9452726e-01,8.6490370e-02,1.7839313e-02,8.9173508e-04,2.5131242e-04]
2;0;0;[9.3774867e-01,3.3789404e-02,2.6276119e-02,1.2756299e-03,9.1015431e-04]
2;0;0;[9.4667679e-01,2.8412297e-02,2.3105536e-02,1.0805888e-03,7.2473579e-04]
2;0;0;[8.9429075e-01,8.4484205e-02,1.9817393e-02,1.0798180e-03,3.2784010e-04]
2;1;1;[0.04667646,0.831872  ,0.01651844,0.08723869,0.01769447]
3;2;1;[0.03017046,0.4627306 ,0.25439492,0.23557262,0.01713148]
4;0;0;[9.6959567e-01,2.7799310e-02,1.9638243e-03,5.5616593e-04,8.5015352e-05]
2;1;1;[0.0465556 ,0.83265686,0.01610284,0.08767325,0.0170114 ]
3;3;1;[0.04347977,0.67004794,0.08192919,0.2001629 ,0.00438023]
4;1;1;[0.02570448,0.8340806 ,0.00944435,0.12572409,0.00504652]
5;1;1;[0.02618994,0.44427595,0.12614949,0.39862686,0.00475777]
6;2;3;[0.02219122,0.38384175,0.09900496,0.4907461 ,0.00421599]
7;0;0;[9.81949151e-01,1.45472195e-02,1.65604858e-03,1.75542419e-03,9.21748724e-05]
2;0;0;[8.5323596e-01,1.2567641e-01,2.0039065e-02,8.6796231e-04,1.8065724e-04]
2;0;0;[8.5498637e-01,1.2621474e-01,1.7928014e-02,7.0671638e-04,1.6409403e-04]
2;1;1;[0.0481023 ,0.49310595,0.25127313,0.19319092,0.01432774]
3;1;1;[0.05724588,0.58809954,0.23074612,0.11689077,0.00701764]
4;2;2;[0.0573968 ,0.34704435,0.55040544,0.02462048,0.02053293]
5;0;0;[9.8295218e-01,1.4982142e-02,1.8656024e-03,1.7120081e-04,2.8970038e-05]
2;0;0;[8.8171452e-01,8.8401847e-02,2.8116310e-02,1.2665443e-03,5.0070585e-04]
2;0;0;[8.7530667e-01,1.0853821e-01,1.5066394e-02,8.8658306e-04,2.0223405e-04]
2;0;0;[8.7915713e-01,9.8687574e-02,2.0215465e-02,1.6006021e-03,3.3926946e-04]
2;0;0;[0.9436633 ,0.02214251,0.03149677,0.0012147 ,0.00148263]
2;0;0;[8.4778148e-01,1.3217098e-01,1.8959546e-02,9.1862533e-04,1.6941267e-04]
2;1;1;[0.03903969,0.81159794,0.01983068,0.11185316,0.01767858]
3;1;1;[0.02527241,0.7299259 ,0.0554397 ,0.18561688,0.00374516]
4;3;1;[0.04048935,0.7113672 ,0.09358994,0.14004949,0.01450404]
5;1;1;[0.01323544,0.82684255,0.01256439,0.13999817,0.0073594 ]
6;2;1;[0.02523236,0.43944636,0.10020284,0.43046635,0.00465214]
7;0;0;[9.1026807e-01,8.5434631e-02,1.1134552e-03,3.1141185e-03,6.9736518e-05]
2;1;1;[0.04422982,0.44699293,0.35885057,0.12944509,0.02048163]
3;1;1;[0.04756537,0.5127652 ,0.32823762,0.09508517,0.01634666]
4;3;1;[0.05399988,0.56369656,0.31466296,0.04876303,0.01887753]
5;1;1;[0.05281093,0.8526062 ,0.03938986,0.04852987,0.00666325]
6;1;1;[0.04032595,0.59336823,0.19895083,0.16323617,0.00411883]
7;2;1;[0.03781504,0.6554166 ,0.1669068 ,0.13656929,0.00329219]
8;0;0;[7.7654421e-01,2.1797739e-01,3.8780598e-03,1.5180648e-03,8.2224120e-05]
2;2;1;[0.06558843,0.5909629 ,0.14079921,0.19918774,0.00346167]
3;0;0;[4.9803615e-01,4.9055567e-01,6.6961860e-03,4.6266629e-03,8.5356951e-05]
2;1;1;[0.03810224,0.8166071 ,0.01722277,0.11372034,0.01434748]
3;1;1;[0.02848642,0.44790033,0.28877744,0.21821074,0.01662509]
4;2;1;[0.04144548,0.53478426,0.27258784,0.13356757,0.01761488]
5;0;0;[9.7465241e-01,2.1488236e-02,2.7420544e-03,9.1444183e-04,2.0287592e-04]
2;0;0;[8.1931895e-01,1.5529524e-01,2.4003549e-02,1.2242739e-03,1.5802804e-04]
2;0;0;[8.5163826e-01,1.2875660e-01,1.8086065e-02,1.3316413e-03,1.8739571e-04]
2;1;1;[0.03579148,0.79794836,0.02097765,0.12919895,0.01608354]
3;1;1;[0.01977832,0.71245444,0.05771335,0.20647353,0.00358038]
4;3;1;[0.04033902,0.71605116,0.09665721,0.13317655,0.01377607]
5;1;1;[0.02029953,0.8284301 ,0.01638541,0.12922233,0.00566256]
6;3;1;[0.01991955,0.46352538,0.09967259,0.41187382,0.00500868]
7;1;1;[0.02648768,0.8152509 ,0.01051793,0.14206688,0.0056766 ]
8;3;3;[0.02312558,0.42481712,0.12123322,0.42694667,0.00387735]
9;1;1;[0.03430071,0.83826834,0.00863906,0.11638167,0.0024102 ]
10;2;1;[0.02856768,0.45183194,0.2051733 ,0.3115043 ,0.00292265]
11;0;0;[6.4213461e-01,3.4713054e-01,4.0475749e-03,6.5319506e-03,1.5542984e-04]
2;0;0;[8.9198893e-01,9.5687680e-02,9.4567556e-03,2.5584146e-03,3.0822353e-04]
2;0;0;[8.7155801e-01,1.1324413e-01,1.1976199e-02,2.9874726e-03,2.3420075e-04]
2;1;1;[0.05577319,0.8182404 ,0.02003423,0.08033452,0.02561767]
3;2;1;[0.0229486 ,0.7865707 ,0.04927175,0.13656382,0.00464508]
4;0;0;[5.7284743e-01,4.1830632e-01,4.1161864e-03,4.3609035e-03,3.6912778e-04]
2;0;0;[8.8717043e-01,9.9467687e-02,1.2574546e-02,6.3826877e-04,1.4913408e-04]
2;2;1;[0.08006667,0.4407322 ,0.42778817,0.04413419,0.00727884]
3;0;0;[9.5198625e-01,3.7003428e-02,9.8250480e-03,1.0942586e-03,9.0926340e-05]
2;0;0;[8.5437626e-01,1.2585829e-01,1.9047497e-02,5.6892529e-04,1.4900585e-04]
2;1;1;[0.0483008 ,0.8234451 ,0.01899981,0.08724139,0.02201303]
3;2;1;[0.03020178,0.76266336,0.05379492,0.14894569,0.00439428]
4;0;1;[4.8517311e-01,5.0706559e-01,3.0956559e-03,4.4216248e-03,2.4399662e-04]
2;1;0;[8.7140119e-01,1.1166354e-01,1.6099734e-02,6.6631101e-04,1.6918797e-04]
3;2;2;[0.06452964,0.30200067,0.53266877,0.08232285,0.01847808]
4;0;0;[4.9820688e-01,4.9376333e-01,7.2193183e-03,7.7181036e-04,3.8597766e-05]
2;0;0;[9.3826061e-01,3.4785736e-02,2.4836641e-02,1.2717730e-03,8.4524293e-04]
2;0;0;[8.7313282e-01,1.0928749e-01,1.6552044e-02,8.3906669e-04,1.8849902e-04]
2;1;1;[0.04730171,0.82833964,0.01763131,0.08700907,0.01971828]
3;2;1;[0.03380462,0.746643  ,0.05651689,0.15858637,0.00444919]
4;0;0;[6.4518464e-01,3.4656036e-01,3.5693666e-03,4.3535568e-03,3.3202182e-04]
2;2;1;[0.05811363,0.5129719 ,0.14543405,0.28100517,0.00247529]
3;0;0;[8.5986483e-01,1.2512313e-01,1.1513209e-02,3.4358969e-03,6.3039071e-05]
2;1;0;[9.5387334e-01,2.7859556e-02,1.6602593e-02,1.1686358e-03,4.9587298e-04]
3;3;2;[0.15900505,0.10202303,0.5741575 ,0.11889631,0.04591818]
4;1;1;[0.07483939,0.8058176 ,0.04245425,0.07384083,0.00304798]
5;2;2;[0.02804395,0.19727734,0.61928064,0.14850666,0.00689142]
6;0;0;[7.5927579e-01,2.2423890e-01,1.5083741e-02,1.2498318e-03,1.5168052e-04]
2;1;1;[0.03868162,0.8133132 ,0.01906705,0.11218904,0.01674911]
3;1;1;[0.02868249,0.7340057 ,0.05598795,0.1777785 ,0.00354545]
4;2;1;[0.04240325,0.6860845 ,0.10215437,0.1557674 ,0.01359048]
5;0;0;[9.6937591e-01,2.5883829e-02,3.6717609e-03,8.3382207e-04,2.3461189e-04]
2;1;1;[0.03864797,0.8134772 ,0.01897425,0.11226099,0.0166396 ]
3;2;1;[0.0287293 ,0.7158596 ,0.05759021,0.19460824,0.00321267]
4;0;0;[5.1239246e-01,4.7782278e-01,4.1385293e-03,5.4235966e-03,2.2258512e-04]
2;1;1;[0.03855732,0.81392765,0.01874579,0.11241324,0.01635598]
3;2;1;[0.02955375,0.7170968 ,0.05763809,0.19251616,0.00319512]
4;0;0;[5.1375413e-01,4.7664690e-01,4.0328940e-03,5.3427573e-03,2.2336314e-04]
2;2;1;[0.07562961,0.4361763 ,0.4331669 ,0.04356471,0.01146243]
3;0;0;[9.5336908e-01,3.6458075e-02,9.3226172e-03,7.8243337e-04,6.7899651e-05]
2;0;0;[8.4702069e-01,1.3311394e-01,1.8382289e-02,1.3055888e-03,1.7755979e-04]
2;0;0;[0.9452287 ,0.02137435,0.03032803,0.00142182,0.00164705]
2;0;0;[8.6665833e-01,1.1687092e-01,1.4821920e-02,1.4391738e-03,2.0961884e-04]
2;2;1;[0.06051229,0.45025417,0.38614175,0.08289945,0.02019233]
3;0;0;[9.4675672e-01,4.8359238e-02,4.1146651e-03,7.3653954e-04,3.2905158e-05]
2;2;1;[0.05118026,0.52779645,0.15826097,0.2575675 ,0.00519479]
3;0;0;[9.6556205e-01,2.7329372e-02,5.8123758e-03,1.2644851e-03,3.1722648e-05]
2;0;0;[8.8715440e-01,9.3577415e-02,1.7506225e-02,1.4301228e-03,3.3186167e-04]
2;0;0;[8.67605686e-01,1.13869265e-01,1.78405363e-02,5.34424791e-04,1.50042819e-04]
2;2;1;[0.07112674,0.522149  ,0.23958525,0.15371701,0.01342196]
3;0;0;[9.7019964e-01,2.4482710e-02,3.9887945e-03,1.2468109e-03,8.2123472e-05]
2;1;1;[0.05524876,0.81925315,0.01963017,0.08054664,0.02532125]
3;1;1;[0.02513133,0.785945  ,0.05032808,0.13403341,0.00456214]
4;2;1;[0.04589934,0.6617814 ,0.12618028,0.14467432,0.0214646 ]
5;0;0;[9.6851885e-01,2.7673500e-02,2.4440731e-03,1.1240623e-03,2.3945249e-04]
2;2;1;[0.04600388,0.47778907,0.28493425,0.17181358,0.0194592 ]
3;1;0;[9.1473877e-01,7.9455912e-02,4.1025174e-03,1.6568770e-03,4.5977700e-05]
4;2;2;[0.11003073,0.23333807,0.3439235 ,0.30884966,0.00385801]
5;1;0;[8.9659595e-01,9.9320911e-02,3.5944693e-03,4.5411364e-04,3.4485784e-05]
6;2;2;[0.04661636,0.2918027 ,0.5864592 ,0.07336595,0.00175584]
7;1;0;[6.1327553e-01,3.7215087e-01,1.3258849e-02,1.2745388e-03,4.0181018e-05]
8;2;2;[0.04349643,0.346294  ,0.53228307,0.07667129,0.00125525]
9;0;0;[5.0512087e-01,4.7001633e-01,2.3374066e-02,1.3652707e-03,1.2343055e-04]
2;0;0;[8.76455188e-01,1.07180744e-01,1.56429671e-02,5.69252123e-04,1.51832210e-04]
2;0;0;[9.0576476e-01,8.0736935e-02,1.2433740e-02,8.8029873e-04,1.8433877e-04]
2;0;0;[9.1633052e-01,4.9477316e-02,3.2381371e-02,1.0824786e-03,7.2833442e-04]
2;1;1;[0.0497056 ,0.8176847 ,0.02057249,0.08791106,0.02412606]
3;2;1;[0.02575498,0.65931606,0.0829905 ,0.22689492,0.00504353]
4;0;0;[6.8517119e-01,3.0415758e-01,5.4406216e-03,4.9101040e-03,3.2046737e-04]
2;0;0;[8.5324079e-01,1.2659569e-01,1.9446876e-02,5.6726503e-04,1.4944025e-04]
2;1;1;[0.05656301,0.5059565 ,0.24599788,0.17660145,0.01488112]
3;1;1;[0.05903048,0.6036843 ,0.20611858,0.12425053,0.00691607]
4;1;1;[0.05491778,0.634186  ,0.2271408 ,0.06828964,0.01546581]
5;1;1;[0.04933769,0.6415623 ,0.20345442,0.0961002 ,0.00954543]
6;2;1;[0.04787836,0.6442123 ,0.16373354,0.13859479,0.00558103]
7;0;0;[9.6437997e-01,3.4481887e-02,8.2306302e-04,2.6953488e-04,4.5472429e-05]
2;0;0;[8.5860741e-01,1.2223816e-01,1.8410081e-02,5.8975240e-04,1.5460489e-04]
2;0;0;[9.5139050e-01,2.6911786e-02,1.9878196e-02,1.1543877e-03,6.6504080e-04]
2;0;0;[8.6597025e-01,1.1020925e-01,2.2834839e-02,7.5465202e-04,2.3108179e-04]
2;0;0;[8.8590157e-01,7.8530550e-02,3.3138022e-02,1.6141513e-03,8.1575132e-04]
2;0;0;[9.4558883e-01,2.7921924e-02,2.4479708e-02,1.1600659e-03,8.4945763e-04]
2;0;0;[8.6852229e-01,1.1462149e-01,1.5859349e-02,8.1014063e-04,1.8664979e-04]
2;0;0;[8.6889738e-01,1.1432717e-01,1.5774956e-02,8.1350439e-04,1.8705550e-04]
2;1;1;[0.04209522,0.8270122 ,0.01669443,0.09825253,0.01594566]
3;3;1;[0.04482595,0.74545175,0.06049609,0.14577115,0.00345504]
4;3;1;[0.02627571,0.84938294,0.00672352,0.11362344,0.00399435]
5;1;1;[0.03894572,0.7083125 ,0.03078384,0.21821108,0.00374679]
6;3;1;[0.01675273,0.45454565,0.10009059,0.4241271 ,0.00448392]
7;1;1;[0.03264901,0.7547085 ,0.01778705,0.18812148,0.00673397]
8;3;3;[0.02883498,0.383882  ,0.15707089,0.42656076,0.00365139]
9;1;1;[0.04831257,0.8017568 ,0.01282065,0.13374712,0.00336291]
10;1;1;[0.0220717 ,0.46281198,0.15930201,0.35347688,0.00233751]
11;2;1;[0.08064277,0.6769473 ,0.09150138,0.1483738 ,0.00253471]
12;0;1;[2.3278099e-01,6.9976479e-01,1.9384788e-02,4.7703475e-02,3.6593908e-04]
2;1;1;[0.04056319,0.8047081 ,0.02265632,0.11186204,0.02021037]
3;2;2;[0.02241631,0.31866437,0.55238545,0.06796605,0.03856778]
4;0;0;[9.8443699e-01,1.1309328e-02,3.8861411e-03,3.1629135e-04,5.1273953e-05]
2;2;1;[0.05222114,0.4978945 ,0.21340239,0.2172498 ,0.01923214]
3;0;0;[9.0935528e-01,8.4950998e-02,3.7445889e-03,1.8911137e-03,5.7943762e-05]
2;3;1;[0.04076406,0.47488973,0.2738576 ,0.19995311,0.01053551]
3;1;1;[0.02602548,0.85281515,0.01893857,0.09911063,0.00311021]
4;3;1;[0.02610845,0.71576464,0.10966285,0.1450017 ,0.00346247]
5;1;1;[0.02067363,0.8747082 ,0.01480808,0.08615556,0.00365453]
6;1;1;[0.02403177,0.5189836 ,0.13315704,0.32114047,0.00268713]
7;1;1;[0.02324415,0.45713395,0.12627564,0.39040476,0.00294153]
8;2;3;[0.02144318,0.38864344,0.11889167,0.46826375,0.00275788]
9;0;0;[9.6490997e-01,3.2975439e-02,7.6104020e-04,1.3233854e-03,3.0091498e-05]
2;2;1;[0.04277276,0.48402745,0.25176564,0.20830913,0.01312507]
3;0;0;[9.8070520e-01,1.3550849e-02,4.8145335e-03,8.5327396e-04,7.6166813e-05]
2;0;0;[9.4804847e-01,2.6487896e-02,2.3186415e-02,1.3375523e-03,9.3956647e-04]
2;2;1;[0.06421729,0.4579152 ,0.40941492,0.05441711,0.0140355 ]
3;0;0;[9.6423388e-01,2.7942657e-02,6.8405885e-03,9.2387712e-04,5.8925561e-05]
2;3;1;[0.03949458,0.475796  ,0.26016927,0.21269813,0.01184209]
3;3;1;[0.02374086,0.84677607,0.01871113,0.10869388,0.0020781 ]
4;1;1;[0.00977851,0.82835066,0.01054652,0.14995119,0.00137309]
5;3;1;[0.02784263,0.640989  ,0.10130043,0.22641574,0.00345222]
6;1;1;[0.02127668,0.7919443 ,0.01937115,0.1616587 ,0.00574908]
7;1;1;[0.03076023,0.42862037,0.17763944,0.3600935 ,0.00288649]
8;1;1;[0.03608487,0.4583502 ,0.11913712,0.38472044,0.00170741]
9;2;3;[0.02725179,0.3630907 ,0.17218344,0.43524006,0.0022339 ]
10;0;0;[9.4911033e-01,4.7444440e-02,1.3316617e-03,2.0721222e-03,4.1476760e-05]
2;3;1;[0.05771826,0.5756113 ,0.14624064,0.21664989,0.0037799 ]
3;1;1;[0.02644362,0.8269901 ,0.01746156,0.12770718,0.00139752]
4;2;1;[0.05211081,0.5797857 ,0.14838874,0.21617366,0.00354107]
5;0;0;[9.5565462e-01,4.0656455e-02,1.8040803e-03,1.7662949e-03,1.1861697e-04]
2;1;1;[0.03484389,0.8034639 ,0.01843981,0.13024846,0.01300394]
3;2;1;[0.03539025,0.7355685 ,0.07003418,0.15536584,0.00364115]
4;0;0;[9.3600458e-01,5.9583314e-02,3.2313473e-03,1.0432514e-03,1.3741420e-04]
2;0;0;[8.7362903e-01,1.1091431e-01,1.3695682e-02,1.5330157e-03,2.2802158e-04]
2;0;0;[9.3557930e-01,3.6097884e-02,2.6458448e-02,1.1255391e-03,7.3872728e-04]
2;0;0;[8.6213917e-01,1.1638746e-01,2.0654993e-02,6.4277643e-04,1.7566950e-04]
2;0;0;[9.2343062e-01,5.0143056e-02,2.4397131e-02,1.3487128e-03,6.8049988e-04]
2;0;0;[9.0605992e-01,7.0688859e-02,2.1669276e-02,1.1751296e-03,4.0683028e-04]
2;0;0;[8.83428097e-01,1.02141291e-01,1.36724375e-02,6.07872207e-04,1.50264110e-04]
2;0;0;[9.0676898e-01,7.5946264e-02,1.5938085e-02,1.0667789e-03,2.7983318e-04]
2;2;1;[0.08308659,0.6734835 ,0.09732027,0.14344005,0.00266955]
3;0;1;[4.1178378e-01,5.8043414e-01,3.7809317e-03,3.9380500e-03,6.3071835e-05]
2;1;1;[0.05145672,0.83688176,0.01504734,0.08036346,0.01625079]
3;2;1;[0.04694367,0.7477938 ,0.06131803,0.138976  ,0.00496857]
4;0;0;[6.1071664e-01,3.8131815e-01,2.9204634e-03,4.6985494e-03,3.4625462e-04]
2;0;0;[8.6095560e-01,1.2026328e-01,1.8021494e-02,6.0203683e-04,1.5751876e-04]
2;2;1;[0.05591659,0.51265305,0.22177014,0.1939586 ,0.01570162]
3;0;0;[9.5947605e-01,3.5017241e-02,3.9780005e-03,1.4623740e-03,6.6348483e-05]
2;0;0;[8.8700867e-01,8.8033170e-02,2.3574967e-02,1.0340238e-03,3.4919314e-04]
2;0;0;[8.5168272e-01,1.2881570e-01,1.8649407e-02,6.9149549e-04,1.6075106e-04]
2;2;1;[0.04779352,0.49112734,0.25673813,0.1907366 ,0.01360441]
3;0;0;[9.2777658e-01,6.6633940e-02,4.1880626e-03,1.3493752e-03,5.2073927e-05]
2;1;1;[0.04270306,0.8239868 ,0.01829798,0.09676123,0.01825084]
3;1;1;[0.03452123,0.7477301 ,0.05670863,0.15719002,0.00385001]
4;1;1;[0.04245051,0.7014636 ,0.09050173,0.1517324 ,0.01385181]
5;1;1;[0.02089742,0.6378474 ,0.11045824,0.22115324,0.00964363]
6;2;1;[0.02919902,0.5492292 ,0.16225359,0.24649347,0.01282469]
7;0;0;[9.7753340e-01,2.0231910e-02,9.2303433e-04,1.2105481e-03,1.0111850e-04]
2;1;1;[0.05179962,0.5028292 ,0.2151119 ,0.2131329 ,0.01712635]
3;2;1;[0.05708283,0.46103436,0.41818544,0.04977611,0.01392122]
4;0;0;[9.6697837e-01,3.0206405e-02,2.4988465e-03,2.8272578e-04,3.3713844e-05]
2;0;0;[9.0059835e-01,7.0410393e-02,2.6999827e-02,1.3945607e-03,5.9693749e-04]
2;2;1;[0.06255069,0.4710631 ,0.37036583,0.07983123,0.01618913]
3;0;0;[9.7209597e-01,2.2314198e-02,4.7801784e-03,7.6028798e-04,4.9372156e-05]
2;0;0;[8.8267988e-01,1.0304251e-01,1.2747845e-02,1.2916877e-03,2.3804299e-04]
2;3;1;[0.04402688,0.45231482,0.19086757,0.3088478 ,0.00394296]
3;1;1;[0.03869494,0.86877537,0.01303239,0.0780514 ,0.00144591]
4;1;1;[0.06862918,0.64220685,0.13215108,0.15355314,0.00345978]
5;1;1;[0.03915853,0.56520873,0.1783423 ,0.21254489,0.00474549]
6;2;1;[0.0368999 ,0.477474  ,0.21259074,0.26861662,0.00441876]
7;0;0;[9.7863090e-01,1.9086089e-02,1.0545423e-03,1.1656320e-03,6.2712155e-05]
2;1;1;[0.03665292,0.7922435 ,0.02326122,0.12956369,0.01827864]
3;2;1;[0.01384984,0.6964133 ,0.06520608,0.21969125,0.00483954]
4;0;0;[5.0093436e-01,4.8213911e-01,9.2352554e-03,7.5002969e-03,1.9102461e-04]
2;0;0;[8.6044985e-01,1.2200361e-01,1.5966237e-02,1.3828588e-03,1.9749082e-04]
2;0;0;[8.9593011e-01,7.9601265e-02,2.2526143e-02,1.4594342e-03,4.8309015e-04]
2;1;1;[0.03692003,0.46775246,0.2832402 ,0.20074503,0.01134221]
3;2;1;[0.04818043,0.50583065,0.35753182,0.07586671,0.01259045]
4;0;0;[8.6159980e-01,1.3002259e-01,6.6324882e-03,1.6999885e-03,4.5073288e-05]
2;0;0;[7.9862452e-01,1.6851352e-01,3.1035159e-02,1.6216531e-03,2.0516464e-04]
2;0;0;[8.0101866e-01,1.6669950e-01,3.0446775e-02,1.6297926e-03,2.0534529e-04]
2;1;1;[0.03532559,0.4667298 ,0.30624533,0.17969736,0.01200202]
3;1;2;[0.05648747,0.26815474,0.63870937,0.01804362,0.01860479]
4;2;2;[0.0667888 ,0.3517394 ,0.52253675,0.02039782,0.03853721]
5;0;0;[9.7511292e-01,2.2225039e-02,2.5466101e-03,8.3514700e-05,3.1977095e-05]
2;1;1;[0.05780224,0.8164198 ,0.02110972,0.07921176,0.02545645]
3;3;1;[0.0196072 ,0.78336656,0.04786919,0.14435978,0.00479724]
4;1;1;[0.03067495,0.87391174,0.00607851,0.08085909,0.00847571]
5;3;1;[0.02591332,0.5154563 ,0.09494273,0.3567557 ,0.00693193]
6;1;1;[0.0194998 ,0.8622389 ,0.00795388,0.10409368,0.00621381]
7;3;1;[0.02089716,0.44511297,0.09559656,0.43303415,0.00535919]
8;1;1;[0.02691363,0.8633921 ,0.00637149,0.09903248,0.00429029]
9;3;1;[0.02100078,0.49349937,0.13114446,0.35150582,0.00284964]
10;1;1;[0.02942785,0.916569  ,0.00450057,0.04798453,0.00151814]
11;1;1;[0.0195856 ,0.55103344,0.14958325,0.27774158,0.00205613]
12;2;1;[0.05067027,0.70895755,0.09500325,0.1419002 ,0.00346869]
13;0;1;[2.3377037e-01,7.0171875e-01,2.1803888e-02,4.2199261e-02,5.0764607e-04]
2;1;1;[0.05747977,0.8165271 ,0.02098499,0.07943398,0.02557406]
3;3;1;[0.01975328,0.7841712 ,0.04783328,0.14343837,0.00480386]
4;1;1;[0.03057233,0.8740567 ,0.00601799,0.08089332,0.00845964]
5;3;1;[0.02565107,0.51487255,0.0947987 ,0.35780814,0.00686965]
6;1;1;[0.01953916,0.86176825,0.00794955,0.10450049,0.00624252]
7;3;1;[0.02086917,0.44505653,0.09572688,0.43299282,0.00535457]
8;1;1;[0.02692981,0.8634543 ,0.00637349,0.09895589,0.00428651]
9;3;1;[0.02101803,0.49338135,0.13173522,0.3510183 ,0.00284714]
10;1;1;[0.02948787,0.9165086 ,0.00452002,0.04796474,0.00151875]
11;1;1;[0.01957972,0.55094457,0.14950319,0.27791432,0.00205822]
12;2;1;[0.05059182,0.7087221 ,0.09500325,0.14220579,0.00347704]
13;0;1;[2.3406105e-01,7.0139539e-01,2.1788899e-02,4.2246144e-02,5.0855294e-04]
2;0;0;[9.2458558e-01,4.8627988e-02,2.5368221e-02,9.6547836e-04,4.5281241e-04]
2;0;0;[8.71893644e-01,1.10590115e-01,1.68147404e-02,5.50063152e-04,1.51398199e-04]
2;2;1;[0.06547359,0.47318247,0.39520487,0.05524724,0.01089178]
3;0;0;[9.5919847e-01,3.3822823e-02,6.0536545e-03,8.7210455e-04,5.2941308e-05]
2;3;1;[0.07276274,0.581859  ,0.11884412,0.22410625,0.00242795]
3;1;1;[0.05286512,0.87439656,0.00903235,0.06257851,0.0011274 ]
4;2;1;[0.09672941,0.62449676,0.10829351,0.16727144,0.00320894]
5;0;0;[7.5507247e-01,2.3877937e-01,2.0126135e-03,3.9277887e-03,2.0771650e-04]
2;1;1;[0.0661392 ,0.5708325 ,0.12916736,0.23080528,0.00305567]
3;2;1;[0.0804089 ,0.707132  ,0.12416781,0.08293388,0.00535737]
4;0;0;[9.2887658e-01,6.5129764e-02,4.1673961e-03,1.6588721e-03,1.6729312e-04]
2;2;1;[0.05665525,0.50087017,0.18848602,0.23499258,0.01899596]
3;0;0;[9.7114199e-01,2.3925019e-02,3.6200243e-03,1.2595245e-03,5.3467462e-05]
2;0;0;[8.6638713e-01,1.1251404e-01,2.0037113e-02,8.3446142e-04,2.2725560e-04]
2;0;0;[8.7449032e-01,1.0991637e-01,1.4239779e-02,1.1342514e-03,2.1932140e-04]
2;3;1;[0.03847865,0.81432337,0.01824271,0.11311227,0.01584302]
3;1;1;[0.01174291,0.6155121 ,0.01030757,0.3565321 ,0.00590531]
4;1;1;[0.03491004,0.6973026 ,0.04786231,0.21522944,0.00469568]
5;3;1;[0.02607424,0.52135116,0.09775318,0.3461269 ,0.0086945 ]
6;3;1;[0.02945067,0.6731664 ,0.02297789,0.26604024,0.0083648 ]
7;1;1;[0.07783201,0.5640457 ,0.0481749 ,0.30592418,0.00402319]
8;2;1;[0.02435397,0.5067684 ,0.08260839,0.38345632,0.00281289]
9;1;0;[5.9759384e-01,3.8844779e-01,3.0459326e-03,1.0724223e-02,1.8824390e-04]
10;2;3;[0.0360864 ,0.37681788,0.15241197,0.4328123 ,0.0018715 ]
11;0;1;[4.3136522e-01,5.5247772e-01,5.9398613e-03,9.9251382e-03,2.9205950e-04]
2;0;0;[8.5008872e-01,1.2613343e-01,2.2653047e-02,9.0404000e-04,2.2078028e-04]
2;0;0;[8.8521481e-01,9.4639041e-02,1.8478477e-02,1.3357633e-03,3.3183192e-04]
2;1;1;[0.09443367,0.5142343 ,0.26069158,0.1206156 ,0.01002475]
3;2;1;[0.05706821,0.5826765 ,0.21519181,0.13691455,0.00814896]
4;0;0;[8.79080772e-01,1.15151316e-01,3.61660030e-03,2.05361191e-03,9.76543524e-05]
2;0;0;[8.7529844e-01,1.0806379e-01,1.5922623e-02,5.6373095e-04,1.5154594e-04]
2;0;0;[8.8059437e-01,8.8033110e-02,2.9693810e-02,1.1888715e-03,4.8978650e-04]
2;0;0;[8.7606794e-01,1.0634337e-01,1.6723493e-02,6.9181400e-04,1.7337543e-04]
2;1;1;[0.06419129,0.5174035 ,0.18313837,0.21893018,0.01633667]
3;1;1;[0.05826801,0.640828  ,0.17184637,0.12123626,0.00782131]
4;1;1;[0.04818741,0.65136415,0.20727624,0.0774893 ,0.01568292]
5;3;1;[0.04200106,0.6469604 ,0.19098929,0.11122583,0.00882345]
6;1;1;[0.03088073,0.8498941 ,0.01489417,0.09984176,0.00448933]
7;2;1;[0.02754729,0.54535073,0.12164921,0.3028904 ,0.00256243]
8;0;0;[6.4665717e-01,3.4804386e-01,2.0992912e-03,3.1144002e-03,8.5321633e-05]
2;1;1;[0.05889242,0.51741195,0.2133806 ,0.1941538 ,0.01616124]
3;1;1;[0.05875169,0.6257193 ,0.18810466,0.11998006,0.00744433]
4;1;1;[0.04979445,0.641751  ,0.21984418,0.07292958,0.01568076]
5;2;1;[0.04495448,0.64083344,0.20143649,0.1035781 ,0.00919751]
6;0;0;[8.6061871e-01,1.3651679e-01,1.5196820e-03,1.1791757e-03,1.6565318e-04]
2;1;1;[0.05252463,0.83024627,0.01671662,0.08034134,0.02017121]
3;2;1;[0.04266046,0.7678292 ,0.05714428,0.12799089,0.00437513]
4;0;0;[7.6413846e-01,2.2805643e-01,3.1914234e-03,4.1922354e-03,4.2152524e-04]
2;2;1;[0.07064617,0.5646721 ,0.1231076 ,0.23924778,0.00232633]
3;0;1;[4.2844149e-01,5.6036896e-01,7.2602103e-03,3.8728286e-03,5.6538309e-05]
2;1;1;[0.04863092,0.8219606 ,0.01940005,0.0873773 ,0.02263109]
3;2;1;[0.02897374,0.5895014 ,0.13286874,0.2412925 ,0.0073637 ]
4;0;0;[8.6172956e-01,1.3101807e-01,4.1964231e-03,2.7490268e-03,3.0691721e-04]
2;1;1;[0.05588571,0.51237994,0.22335616,0.1927462 ,0.01563194]
3;2;1;[0.05221672,0.5570576 ,0.27954525,0.10081166,0.01036877]
4;0;0;[8.9397061e-01,1.0062674e-01,3.7270787e-03,1.5821120e-03,9.3488452e-05]
2;0;0;[8.8394380e-01,1.0187934e-01,1.3220677e-02,7.7866681e-04,1.7754119e-04]
2;2;1;[0.05147404,0.5013058 ,0.22020766,0.20983699,0.01717548]
3;0;0;[9.5170063e-01,4.3200511e-02,3.7078785e-03,1.3387003e-03,5.2336214e-05]
2;0;0;[9.2055649e-01,5.2571177e-02,2.4256168e-02,1.7652850e-03,8.5078494e-04]
2;0;0;[0.88852865,0.07224876,0.03650139,0.00176875,0.00095243]
2;0;0;[8.4729075e-01,1.3289121e-01,1.8333403e-02,1.3067782e-03,1.7787830e-04]
2;0;0;[8.9121211e-01,7.5772926e-02,3.0558629e-02,1.6969674e-03,7.5941591e-04]
2;1;1;[0.03327708,0.7652049 ,0.02911168,0.15512489,0.01728148]
3;2;1;[0.01065663,0.6829002 ,0.09593479,0.20275524,0.0077531 ]
4;0;0;[6.0474092e-01,3.7793064e-01,1.1505942e-02,5.6268526e-03,1.9566451e-04]
2;0;0;[8.6006546e-01,1.2137117e-01,1.5803037e-02,2.5296148e-03,2.3067920e-04]
2;0;0;[8.6143726e-01,1.2039393e-01,1.5385547e-02,2.5536991e-03,2.2953154e-04]
2;0;0;[8.6836010e-01,1.1329242e-01,1.7660234e-02,5.3696608e-04,1.5028962e-04]
2;0;0;[8.87604952e-01,9.91464406e-02,1.24569535e-02,6.42482308e-04,1.49135696e-04]
2;0;0;[8.8094079e-01,9.8522730e-02,1.9635255e-02,7.0135755e-04,1.9981559e-04]
2;0;0;[8.7807512e-01,1.0602228e-01,1.5174699e-02,5.7659176e-04,1.5136800e-04]
2;0;0;[8.80083263e-01,1.04516454e-01,1.46611743e-02,5.87553601e-04,1.51515080e-04]
2;0;0;[8.7668020e-01,1.0118378e-01,2.1035327e-02,8.5155584e-04,2.4912393e-04]
2;0;0;[9.0083510e-01,7.0589282e-02,2.6696989e-02,1.3150388e-03,5.6356826e-04]
2;0;0;[8.8330609e-01,1.0235777e-01,1.3387650e-02,7.7116501e-04,1.7732261e-04]
2;0;0;[9.0281737e-01,7.1722083e-02,2.3578774e-02,1.3577595e-03,5.2404788e-04]
2;0;0;[8.8264811e-01,1.0283466e-01,1.3576201e-02,7.6377380e-04,1.7728601e-04]
2;0;0;[8.0357951e-01,1.6931380e-01,2.6370004e-02,6.2987226e-04,1.0685263e-04]
2;1;1;[0.04398604,0.81812406,0.02043837,0.09635881,0.02109277]
3;1;1;[0.02400369,0.7407608 ,0.05398008,0.17688528,0.00437011]
4;2;1;[0.04475356,0.6662904 ,0.12402938,0.14840224,0.01652442]
5;0;0;[9.5073265e-01,4.5874853e-02,1.7261944e-03,1.4009083e-03,2.6548048e-04]
2;0;0;[8.73459935e-01,1.04531266e-01,2.09832545e-02,7.89675803e-04,2.35847197e-04]
2;0;0;[8.795120e-01,9.898818e-02,2.034554e-02,8.918138e-04,2.624173e-04]
2;0;0;[8.8167167e-01,1.0353791e-01,1.3609502e-02,9.7130076e-04,2.0958428e-04]
2;1;1;[0.04301301,0.8225827 ,0.01886889,0.09648207,0.01905333]
3;1;1;[0.03133634,0.7470944 ,0.05571876,0.16186461,0.00398588]
4;1;1;[0.04116251,0.70547426,0.09123438,0.1474826 ,0.01464636]
5;2;1;[0.02017326,0.6476721 ,0.10996365,0.21248753,0.00970343]
6;0;0;[9.1166431e-01,8.4853992e-02,1.2186258e-03,1.9667398e-03,2.9631448e-04]
2;0;0;[8.8500535e-01,1.0026927e-01,1.3433911e-02,1.0711077e-03,2.2038884e-04]
2;0;0;[8.7423599e-01,1.1012918e-01,1.4285705e-02,1.1303988e-03,2.1877886e-04]
2;0;0;[8.7901944e-01,1.0527560e-01,1.4219635e-02,1.2535735e-03,2.3183979e-04]
2;0;0;[8.4700304e-01,1.3312669e-01,1.8387299e-02,1.3055244e-03,1.7755102e-04]
2;0;0;[8.4812468e-01,1.3221835e-01,1.8167753e-02,1.3104080e-03,1.7878113e-04]
2;0;0;[8.8737595e-01,9.5902249e-02,1.5049266e-02,1.3918992e-03,2.8066675e-04]
2;0;0;[8.57468665e-01,1.23955995e-01,1.64814219e-02,1.88543275e-03,2.08483427e-04]
2;1;1;[0.0547141 ,0.82075304,0.01914797,0.08062964,0.02475532]
3;2;1;[0.027073  ,0.78490067,0.0510726 ,0.13238175,0.00457196]
4;0;1;[4.8917452e-01,5.0286061e-01,3.1383170e-03,4.5669014e-03,2.5970757e-04]
2;0;0;[8.8663679e-01,9.7987987e-02,1.4424223e-02,7.7140582e-04,1.7956337e-04]
2;0;0;[8.3873761e-01,1.2299611e-01,3.6909241e-02,9.7601523e-04,3.8106620e-04]
2;0;0;[8.5627609e-01,1.2424381e-01,1.8750938e-02,5.7777681e-04,1.5139364e-04]
2;0;0;[8.6157173e-01,1.1974578e-01,1.7918743e-02,6.0540187e-04,1.5828678e-04]
2;0;0;[8.8114816e-01,1.0395565e-01,1.3971322e-02,7.4800249e-04,1.7683662e-04]
2;0;0;[8.5029340e-01,1.2273270e-01,2.5994305e-02,7.5192389e-04,2.2771093e-04]
2;1;1;[0.04392152,0.8184215 ,0.0203413 ,0.09633698,0.02097875]
3;2;1;[0.02737818,0.720439  ,0.07047083,0.17695753,0.00475438]
4;0;0;[5.8758020e-01,4.0289846e-01,4.5719021e-03,4.6376879e-03,3.1176713e-04]
2;0;0;[8.7229103e-01,1.1182353e-01,1.4569196e-02,1.1023640e-03,2.1393508e-04]
2;1;1;[0.03748253,0.46864522,0.27782282,0.20569529,0.01035409]
3;2;1;[0.05161598,0.5292766 ,0.32784432,0.08100213,0.01026093]
4;0;0;[8.6144948e-01,1.3107739e-01,5.6440923e-03,1.7757493e-03,5.3260257e-05]
2;0;0;[8.79787207e-01,1.04715854e-01,1.47591792e-02,5.86100621e-04,1.51743428e-04]
2;1;0;[8.9158607e-01,9.2316084e-02,1.4953744e-02,9.2892983e-04,2.1522588e-04]
3;2;2;[0.07289171,0.27597123,0.5370703 ,0.08654532,0.02752142]
4;1;1;[4.09242600e-01,5.77149928e-01,1.27210235e-02,8.35187617e-04,5.13362429e-05]
5;1;2;[0.02970453,0.23265599,0.6874483 ,0.04749833,0.00269278]
6;1;2;[0.06386603,0.29865175,0.6045452 ,0.02633516,0.00660186]
7;2;2;[0.02966844,0.24667484,0.68392485,0.0340015 ,0.00573039]
8;0;0;[6.1739987e-01,3.6303329e-01,1.7494529e-02,1.9077298e-03,1.6453982e-04]
2;0;0;[8.61695290e-01,1.19597204e-01,1.79419946e-02,6.06724527e-04,1.58848619e-04]
2;2;1;[0.07835564,0.6029388 ,0.1147966 ,0.20129475,0.0026142 ]
3;0;1;[4.1399726e-01,5.7653135e-01,5.1575550e-03,4.2628604e-03,5.1023795e-05]
2;3;1;[0.04784554,0.49280104,0.2524447 ,0.19300991,0.01389877]
3;1;1;[0.0288019 ,0.84527177,0.01618325,0.10648995,0.00325308]
4;2;1;[0.03765869,0.6660332 ,0.12055764,0.17159966,0.00415076]
5;0;0;[7.3086578e-01,2.6315397e-01,3.2486080e-03,2.5564625e-03,1.7522996e-04]
2;0;0;[8.7144727e-01,1.1213539e-01,1.5385880e-02,8.3974790e-04,1.9177004e-04]
2;0;0;[8.5120040e-01,1.2977816e-01,1.7921247e-02,9.2841522e-04,1.7182472e-04]
2;0;0;[8.8720167e-01,9.9327646e-02,1.1800498e-02,1.4214908e-03,2.4868117e-04]
