prefix_length;ground_truth;predicted;prediction_probs
2;0;0;[9.6040899e-01,3.5910193e-02,1.9163188e-03,5.2796508e-04,1.2366513e-03]
2;0;0;[9.7116649e-01,2.5264302e-02,1.7176438e-03,3.1247103e-04,1.5391897e-03]
2;0;0;[0.8848443 ,0.10883578,0.00318699,0.00187881,0.00125419]
2;1;1;[2.7705806e-03,5.4622823e-01,2.7574599e-01,1.7508470e-01,1.7055709e-04]
3;1;1;[0.0055855 ,0.57072693,0.37410104,0.04893785,0.00064872]
4;2;1;[2.9577110e-03,5.7223815e-01,4.0553367e-01,1.8956207e-02,3.1432556e-04]
5;0;0;[9.1378558e-01,4.9737796e-02,4.3556532e-03,5.8523135e-04,3.1535693e-02]
2;1;1;[2.2248628e-03,5.7827389e-01,2.7334520e-01,1.4594971e-01,2.0623246e-04]
3;2;1;[1.6426498e-03,6.4404535e-01,2.7212396e-01,8.1804208e-02,3.8390732e-04]
4;0;0;[0.89688617,0.05790502,0.00579358,0.00123614,0.03817907]
2;0;0;[0.91342735,0.08133193,0.00275926,0.00135676,0.00112475]
2;1;1;[4.4973069e-04,9.3240559e-01,1.5331348e-03,6.5504402e-02,1.0711471e-04]
3;1;1;[0.00112514,0.6482267 ,0.14107245,0.20641407,0.00316168]
4;1;1;[3.3803980e-03,7.8299904e-01,8.4019333e-02,1.2933470e-01,2.6651798e-04]
5;1;1;[1.4864472e-03,4.1442522e-01,4.0358508e-01,1.8023472e-01,2.6852125e-04]
6;1;1;[2.2379840e-03,5.4766464e-01,2.3833932e-01,2.1166146e-01,9.6623611e-05]
7;3;1;[8.9381717e-04,5.5005366e-01,2.2352210e-01,2.2545171e-01,7.8726494e-05]
8;1;1;[1.0472859e-03,9.2490113e-01,2.3675873e-03,7.1561188e-02,1.2282220e-04]
9;1;1;[2.0606355e-04,6.4352816e-01,1.4148974e-01,2.1458749e-01,1.8846066e-04]
10;1;1;[1.4674359e-03,7.3452246e-01,7.1894325e-02,1.9202890e-01,8.6898392e-05]
11;1;1;[4.3500253e-04,5.5931151e-01,1.2129609e-01,3.1880677e-01,1.5063192e-04]
12;3;1;[9.9255634e-04,5.8163452e-01,1.0623465e-01,3.1097800e-01,1.6024592e-04]
13;1;1;[1.3070974e-03,9.2796278e-01,4.9976902e-03,6.5474622e-02,2.5785813e-04]
14;1;1;[2.9950385e-04,6.2427890e-01,1.6625328e-01,2.0898539e-01,1.8295841e-04]
15;2;1;[4.9866899e-03,6.9372368e-01,9.8379098e-02,2.0275760e-01,1.5287622e-04]
16;0;0;[0.6051914 ,0.37836954,0.00831875,0.00518073,0.0029396 ]
2;2;1;[0.01074894,0.62533593,0.31190598,0.04698156,0.0050276 ]
3;0;0;[0.9310569 ,0.03683952,0.00313478,0.00132087,0.02764783]
2;0;0;[9.5988852e-01,3.6541771e-02,1.8795523e-03,7.2848791e-04,9.6168299e-04]
2;0;0;[0.90894216,0.08516101,0.00301032,0.00119145,0.00169511]
2;0;0;[9.6332258e-01,3.3177719e-02,1.9106338e-03,5.7562673e-04,1.0135118e-03]
2;1;1;[3.04717431e-03,5.81673563e-01,2.98379213e-01,1.16733536e-01,1.66491867e-04]
3;1;1;[1.8196747e-03,6.1674160e-01,2.7929971e-01,1.0185426e-01,2.8476230e-04]
4;2;1;[0.00376238,0.50646806,0.46149185,0.02762348,0.00065422]
5;0;0;[9.46433663e-01,1.29153505e-02,2.11977935e-03,1.84284771e-04,3.83468606e-02]
2;0;0;[9.8708159e-01,1.0395432e-02,1.1387396e-03,1.8762426e-04,1.1967054e-03]
2;2;1;[2.1483807e-03,5.7450354e-01,2.3619360e-01,1.8700409e-01,1.5033578e-04]
3;0;0;[9.6294457e-01,2.6187357e-02,2.7625812e-03,7.2568248e-04,7.3797479e-03]
2;1;1;[2.1415176e-03,5.7482463e-01,2.3570442e-01,1.8717970e-01,1.4970583e-04]
3;1;1;[1.6624253e-03,6.1328083e-01,2.9427740e-01,9.0520248e-02,2.5911504e-04]
4;2;1;[1.2727947e-03,6.5077746e-01,3.1089178e-01,3.6802333e-02,2.5563713e-04]
5;0;0;[9.3595886e-01,3.9866991e-02,3.2395662e-03,5.5240555e-04,2.0382227e-02]
2;1;1;[4.3999968e-04,9.2940092e-01,1.8319568e-03,6.8239965e-02,8.7164030e-05]
3;3;1;[5.8309932e-04,7.7499408e-01,7.8680210e-02,1.4486212e-01,8.8041008e-04]
4;1;1;[2.9381533e-04,9.1443032e-01,1.3518779e-03,8.3881795e-02,4.2143191e-05]
5;2;1;[0.00114797,0.47939306,0.22256513,0.29501516,0.00187858]
6;0;0;[9.6990329e-01,2.1658912e-02,4.6921093e-03,5.6510675e-04,3.1806023e-03]
2;0;0;[9.6417022e-01,3.2494996e-02,2.0571209e-03,6.3209637e-04,6.4555340e-04]
2;2;1;[4.7673704e-03,5.3105098e-01,3.8369638e-01,8.0335446e-02,1.4981188e-04]
3;0;0;[0.9644955 ,0.02575934,0.00235242,0.00113183,0.00626094]
2;0;0;[8.0242300e-01,1.8698293e-01,5.4992242e-03,4.6639121e-03,4.3089295e-04]
2;0;0;[9.5786971e-01,3.8524758e-02,1.8141228e-03,6.1199232e-04,1.1794353e-03]
2;0;0;[9.8331255e-01,1.4340861e-02,1.2462620e-03,9.0529473e-05,1.0098257e-03]
2;1;1;[9.9468883e-04,9.5612234e-01,2.3620566e-03,4.0439907e-02,8.1040314e-05]
3;1;1;[0.00219902,0.6284938 ,0.21055654,0.15330496,0.00544568]
4;3;1;[3.1605754e-03,7.3696065e-01,1.6992012e-01,8.9547977e-02,4.1063983e-04]
5;1;1;[1.2256292e-03,9.2595381e-01,3.3569452e-03,6.8961710e-02,5.0201581e-04]
6;1;1;[0.00068125,0.42072117,0.16240759,0.41558018,0.00060992]
7;1;1;[3.1936225e-03,4.9098063e-01,1.0780286e-01,3.9777130e-01,2.5169938e-04]
8;3;1;[7.8037061e-04,4.5276582e-01,1.3668296e-01,4.0951836e-01,2.5252983e-04]
9;1;1;[4.24499885e-04,9.34115887e-01,2.24873843e-03,6.30987436e-02,1.12089605e-04]
10;1;1;[4.9431733e-04,6.1608058e-01,1.5663797e-01,2.2632727e-01,4.5979570e-04]
11;2;1;[3.0945132e-03,7.2935414e-01,8.2890794e-02,1.8442507e-01,2.3551763e-04]
12;0;0;[0.5593895 ,0.4147394 ,0.01406741,0.00373469,0.00806909]
2;0;0;[9.7109365e-01,2.6039440e-02,1.3789700e-03,4.0848707e-04,1.0793561e-03]
2;0;0;[0.9245459 ,0.06997242,0.00248537,0.00128965,0.00170664]
2;1;1;[6.5384933e-04,9.5254040e-01,1.8218897e-03,4.4883393e-02,1.0044878e-04]
3;3;1;[0.00095556,0.72625357,0.09998375,0.17057084,0.00223622]
4;1;1;[3.78045050e-04,8.82970631e-01,1.70112005e-03,1.14883885e-01,6.62205493e-05]
5;1;1;[0.00126693,0.48979366,0.20820498,0.29858407,0.00215026]
6;1;3;[2.0607172e-03,3.5384536e-01,1.6360246e-01,4.8028171e-01,2.0975141e-04]
7;2;3;[5.1550183e-04,3.1728721e-01,1.6885117e-01,5.1325685e-01,8.9311048e-05]
8;0;0;[0.90544957,0.08387114,0.00491376,0.00170054,0.00406494]
2;0;0;[9.5363605e-01,4.2690933e-02,2.0590317e-03,5.5833830e-04,1.0556508e-03]
2;1;1;[5.8785093e-04,7.3128861e-01,4.0765642e-03,2.6369748e-01,3.4952746e-04]
3;2;1;[0.00089276,0.8582992 ,0.06671548,0.07213774,0.00195485]
4;0;0;[0.6623781 ,0.15648508,0.01059468,0.00175447,0.16878772]
2;3;1;[0.00136259,0.7964272 ,0.08794907,0.11345989,0.00080133]
3;1;1;[4.0956980e-04,8.1940997e-01,2.7449818e-03,1.7693576e-01,4.9974315e-04]
4;2;1;[0.00248189,0.6660231 ,0.1770369 ,0.14945164,0.0050065 ]
5;0;0;[0.6745078 ,0.28206444,0.00537163,0.00868871,0.02936747]
2;2;1;[2.9974489e-03,5.6384301e-01,3.2993186e-01,1.0299854e-01,2.2916052e-04]
3;0;0;[8.86294663e-01,8.48955102e-03,1.33883231e-03,7.08965643e-04,1.03167996e-01]
2;0;0;[0.9146572 ,0.08004797,0.00295462,0.00122377,0.00111653]
2;0;0;[0.9416221 ,0.05418135,0.00203452,0.00101241,0.0011497 ]
2;2;1;[3.4670897e-03,5.4455739e-01,3.4241483e-01,1.0926799e-01,2.9262432e-04]
3;1;0;[0.8684041 ,0.01206087,0.00119893,0.00136517,0.11697087]
4;2;2;[0.01185063,0.14109765,0.4917854 ,0.3443236 ,0.01094261]
5;0;0;[0.89527464,0.07468044,0.00310387,0.00291333,0.02402774]
2;0;0;[0.8789414 ,0.11389792,0.00320221,0.00199576,0.0019627 ]
2;2;1;[4.5919274e-03,5.4181260e-01,4.1354749e-01,3.9885793e-02,1.6221631e-04]
3;0;0;[9.4673693e-01,1.2426239e-02,2.1318011e-03,9.0554630e-04,3.7799422e-02]
2;0;0;[9.7634536e-01,2.0686192e-02,1.3089081e-03,2.9855911e-04,1.3609900e-03]
2;0;0;[0.82385826,0.16731627,0.00425637,0.00290095,0.00166815]
2;1;1;[5.5893773e-04,9.4676375e-01,1.7055655e-03,5.0876968e-02,9.4826733e-05]
3;1;1;[0.00081019,0.786199  ,0.07520218,0.13630822,0.00148044]
4;3;1;[1.0873370e-03,8.3035582e-01,3.4109060e-02,1.3434869e-01,9.9051191e-05]
5;1;1;[1.3467485e-04,9.5048296e-01,1.8783144e-03,4.7415379e-02,8.8631248e-05]
6;1;1;[6.8987621e-04,5.4931045e-01,9.2246562e-02,3.5725552e-01,4.9761625e-04]
7;1;1;[2.8336518e-03,5.2305412e-01,6.4960718e-02,4.0898266e-01,1.6880884e-04]
8;1;1;[1.1799739e-03,4.8981106e-01,8.7626368e-02,4.2114922e-01,2.3334083e-04]
9;1;1;[1.5090080e-03,5.6113046e-01,7.4314833e-02,3.6283141e-01,2.1425300e-04]
10;2;1;[1.1535925e-03,6.0765797e-01,7.1853660e-02,3.1910101e-01,2.3378656e-04]
11;0;0;[0.73307055,0.25101745,0.0074373 ,0.00238858,0.00608612]
2;3;1;[2.5072854e-03,5.6911290e-01,2.9676241e-01,1.3141881e-01,1.9856944e-04]
3;1;1;[5.2117067e-04,9.2767632e-01,2.2635057e-03,6.9183692e-02,3.5521737e-04]
4;2;1;[0.00161585,0.6960078 ,0.14615908,0.14901638,0.00720094]
5;0;1;[0.46213233,0.5205831 ,0.00562104,0.00731632,0.00434724]
2;0;0;[9.4549006e-01,5.0505567e-02,2.1064184e-03,8.7574963e-04,1.0222979e-03]
2;0;0;[0.8241849 ,0.16708621,0.00427351,0.00299361,0.00146189]
2;1;1;[4.4673032e-04,9.3218732e-01,1.5140916e-03,6.5741867e-02,1.1001849e-04]
3;2;1;[0.00175737,0.5008939 ,0.26106519,0.22853678,0.00774673]
4;0;0;[0.9155488 ,0.07041553,0.007748  ,0.00266051,0.00362712]
2;3;1;[3.0012196e-03,5.7607895e-01,3.0365849e-01,1.1709126e-01,1.7012100e-04]
3;1;1;[5.5450830e-04,9.2068815e-01,2.4094828e-03,7.6007769e-02,3.4017622e-04]
4;3;1;[0.00188768,0.69095576,0.15416326,0.14434598,0.00864729]
5;1;1;[2.1364188e-04,9.4701463e-01,1.3589485e-03,5.1329393e-02,8.3422281e-05]
6;1;1;[0.00124802,0.43796235,0.21734461,0.34146896,0.00197599]
7;2;1;[3.5310930e-03,4.5286918e-01,1.1366039e-01,4.2955947e-01,3.7982687e-04]
8;0;0;[0.9039492 ,0.07969914,0.00712232,0.00137653,0.00785285]
2;1;1;[4.7347668e-04,9.3300784e-01,1.6329486e-03,6.4787388e-02,9.8360950e-05]
3;1;1;[6.6715281e-04,7.7966207e-01,7.6480739e-02,1.4200428e-01,1.1857882e-03]
4;1;1;[1.0441918e-03,8.3986551e-01,3.1191608e-02,1.2781230e-01,8.6385880e-05]
5;2;2;[2.6586419e-03,3.2522824e-01,5.7620704e-01,9.5617667e-02,2.8841742e-04]
6;0;0;[9.8341149e-01,1.4056664e-02,6.2440074e-04,4.1699471e-04,1.4904392e-03]
2;0;0;[0.85783875,0.13476878,0.0036522 ,0.0026623 ,0.0010779 ]
2;0;0;[0.86148745,0.13128163,0.00359692,0.00268366,0.00095037]
2;0;0;[9.5453811e-01,4.1802730e-02,2.0929957e-03,8.8146358e-04,6.8468886e-04]
2;1;1;[4.0777680e-04,9.2637497e-01,1.5422584e-03,7.1576960e-02,9.7933000e-05]
3;1;1;[0.00086097,0.6887775 ,0.11176247,0.19618252,0.00241652]
4;1;1;[2.60397908e-03,7.88269639e-01,8.62454101e-02,1.22651115e-01,2.29817437e-04]
5;2;1;[1.5286496e-03,4.7743776e-01,3.0396196e-01,2.1680273e-01,2.6891546e-04]
6;0;0;[0.93604606,0.05719673,0.00246778,0.00140719,0.00288226]
2;2;1;[2.0071133e-03,5.9230465e-01,2.4883156e-01,1.5665439e-01,2.0230548e-04]
3;0;0;[0.8983847 ,0.08499347,0.00410009,0.00197061,0.01055103]
2;2;1;[2.0240135e-03,5.9033781e-01,2.4724133e-01,1.6020234e-01,1.9454697e-04]
3;0;0;[9.5266795e-01,3.3370115e-02,3.4939535e-03,7.0154842e-04,9.7664511e-03]
2;2;1;[2.0375745e-03,5.8872145e-01,2.4599124e-01,1.6306114e-01,1.8868121e-04]
3;0;0;[0.90057784,0.08386306,0.00408025,0.00204297,0.00943583]
2;0;0;[9.0904826e-01,8.5506544e-02,3.1203623e-03,1.5107171e-03,8.1416138e-04]
2;0;0;[8.7826759e-01,1.1502952e-01,3.6134303e-03,2.3334664e-03,7.5591670e-04]
2;1;1;[2.1287967e-03,5.7091391e-01,2.0517448e-01,2.2167882e-01,1.0401779e-04]
3;2;2;[6.1109983e-03,4.1234118e-01,5.5624616e-01,2.5087712e-02,2.1394907e-04]
4;0;0;[9.7642910e-01,1.6278714e-02,2.2139854e-03,8.7482092e-04,4.2033996e-03]
2;1;1;[4.7846141e-04,9.3553799e-01,2.8169281e-03,6.1098706e-02,6.7969850e-05]
3;2;1;[4.8483978e-04,7.8620273e-01,7.1439259e-02,1.4135143e-01,5.2173203e-04]
4;0;0;[9.6669900e-01,2.6698027e-02,4.5221327e-03,3.7166633e-04,1.7092295e-03]
2;1;1;[4.1062327e-04,9.3747640e-01,2.5698182e-03,5.9473488e-02,6.9780894e-05]
3;1;1;[5.7091145e-04,7.3670816e-01,9.1994204e-02,1.6996822e-01,7.5843593e-04]
4;2;1;[1.2391552e-03,8.4101033e-01,3.3982020e-02,1.2370937e-01,5.9074406e-05]
5;1;0;[0.71123326,0.27018046,0.01079333,0.00564212,0.00215087]
6;2;1;[0.00124793,0.4056648 ,0.26272756,0.32994565,0.00041416]
7;0;0;[0.88742447,0.10468194,0.0043708 ,0.00237031,0.00115242]
2;1;1;[8.7124621e-04,9.5146030e-01,2.2328887e-03,4.5333594e-02,1.0200282e-04]
3;3;1;[0.00117818,0.7710137 ,0.09046241,0.13527548,0.00207019]
4;1;1;[1.5294983e-04,9.2039645e-01,5.3678791e-04,7.8879811e-02,3.4044308e-05]
5;3;1;[0.00113548,0.5230534 ,0.19847931,0.27490968,0.00242208]
6;1;1;[5.4158980e-04,9.2390567e-01,2.7473408e-03,7.2742946e-02,6.2431405e-05]
7;1;3;[0.00069777,0.38870496,0.20772994,0.40214008,0.00072731]
8;2;3;[3.9790790e-03,4.3148318e-01,1.2819576e-01,4.3605259e-01,2.8927909e-04]
9;0;0;[0.66642636,0.31098038,0.01160131,0.00544607,0.00554588]
2;0;0;[9.8617363e-01,1.1212643e-02,1.2173241e-03,5.6285673e-05,1.3400599e-03]
2;1;1;[8.3617977e-04,9.5530581e-01,2.1231892e-03,4.1641980e-02,9.2824630e-05]
3;3;1;[0.00138702,0.77812284,0.09647468,0.12176239,0.00225306]
4;1;1;[1.4688048e-04,9.2108613e-01,4.3399827e-04,7.8297593e-02,3.5322493e-05]
5;3;1;[0.00180644,0.4711101 ,0.24356452,0.28060344,0.00291558]
6;1;1;[1.1869378e-03,8.9446867e-01,3.9457767e-03,1.0026677e-01,1.3191933e-04]
7;1;3;[0.00098839,0.36935708,0.22578141,0.40304586,0.00082723]
8;3;1;[5.5982084e-03,4.5443982e-01,1.3664903e-01,4.0301391e-01,2.9902917e-04]
9;1;1;[8.2661491e-04,8.7720281e-01,5.1740236e-03,1.1661327e-01,1.8318216e-04]
10;3;1;[0.00086536,0.4840486 ,0.21323924,0.30117717,0.00066971]
11;1;1;[8.1522809e-04,9.3510365e-01,3.0948529e-03,6.0935140e-02,5.1210864e-05]
12;1;1;[0.00087062,0.55132705,0.21208736,0.23493013,0.00078482]
13;2;1;[4.6039312e-03,6.4921820e-01,1.1384856e-01,2.3197931e-01,3.4998037e-04]
14;0;1;[0.30622944,0.6595307 ,0.01817479,0.01256335,0.00350176]
2;2;1;[3.0473133e-03,5.5078781e-01,3.8543934e-01,6.0459271e-02,2.6631737e-04]
3;0;0;[0.8351728 ,0.011217  ,0.00133234,0.00112147,0.1511565 ]
2;0;0;[9.6980023e-01,2.7245715e-02,1.4263706e-03,4.2759115e-04,1.1000982e-03]
2;0;0;[0.946296  ,0.04936702,0.00205838,0.00100053,0.00127814]
2;0;0;[9.7701824e-01,2.0537771e-02,1.1655249e-03,3.1342765e-04,9.6501916e-04]
2;2;1;[4.8560235e-03,8.9784026e-01,8.2665019e-02,1.4274987e-02,3.6366016e-04]
3;0;0;[9.0209794e-01,5.8410984e-02,4.5067118e-03,4.8930838e-04,3.4495004e-02]
2;3;1;[2.6057791e-03,5.7550287e-01,3.2803267e-01,9.3653359e-02,2.0531724e-04]
3;1;1;[9.76270414e-04,8.95191729e-01,3.01785488e-03,1.00120336e-01,6.93910464e-04]
4;1;1;[0.00235226,0.6390853 ,0.17319104,0.17411418,0.0112572 ]
5;3;1;[0.00392696,0.62656903,0.12097783,0.24757108,0.00095501]
6;1;1;[4.6652788e-04,9.3279827e-01,3.2340381e-03,6.3215740e-02,2.8549475e-04]
7;2;1;[0.00086055,0.4109169 ,0.20030788,0.3870047 ,0.00090996]
8;0;0;[0.5942353 ,0.39043227,0.00546725,0.00492449,0.00494068]
2;1;1;[6.6151161e-04,9.5293707e-01,1.8333435e-03,4.4470303e-02,9.7812874e-05]
3;2;1;[0.0028425 ,0.44707724,0.35428455,0.18349883,0.01229689]
4;0;0;[0.93524915,0.04769124,0.00630027,0.00236267,0.00839665]
2;0;0;[9.8341745e-01,1.3859986e-02,1.2939216e-03,9.4844385e-05,1.3338421e-03]
2;0;0;[0.83428335,0.15731801,0.00402201,0.0027723 ,0.00160432]
2;1;1;[5.5437011e-04,9.4661653e-01,1.6965311e-03,5.1036380e-02,9.6092386e-05]
3;1;1;[0.00122254,0.66179514,0.1373584 ,0.19649717,0.00312679]
4;3;1;[3.2125758e-03,7.9105592e-01,7.3333107e-02,1.3213162e-01,2.6677901e-04]
5;1;1;[4.0280531e-04,9.3829155e-01,3.3018002e-03,5.7783727e-02,2.2016492e-04]
6;3;1;[0.0007277 ,0.5026879 ,0.13016441,0.3658522 ,0.00056777]
7;1;1;[9.3218242e-04,9.1403037e-01,2.1012677e-03,8.2867667e-02,6.8549431e-05]
8;3;1;[0.00068223,0.4222825 ,0.2007531 ,0.37570927,0.00057282]
9;1;1;[2.12473259e-03,8.92844319e-01,3.65145784e-03,1.01285316e-01,9.41792896e-05]
10;1;1;[0.00107118,0.51184034,0.19674653,0.28962255,0.00071938]
11;3;1;[7.96941947e-03,6.28054202e-01,1.00515224e-01,2.63180345e-01,2.80765351e-04]
12;1;1;[1.5133704e-03,8.8091010e-01,9.3418155e-03,1.0794427e-01,2.9048510e-04]
13;1;1;[0.00099668,0.55026656,0.19570145,0.25241572,0.00061965]
14;3;1;[8.7801674e-03,6.2624240e-01,1.1671092e-01,2.4788037e-01,3.8613842e-04]
15;1;1;[2.1239896e-03,9.0211987e-01,9.3612447e-03,8.6092703e-02,3.0215082e-04]
16;1;1;[0.00164229,0.5896503 ,0.18866362,0.21931803,0.00072579]
17;1;1;[8.2334485e-03,6.1340308e-01,1.4117801e-01,2.3669028e-01,4.9508724e-04]
18;2;1;[0.00224812,0.41577482,0.20716989,0.37430888,0.00049826]
19;0;0;[0.58423686,0.39952424,0.00770019,0.00638017,0.00215847]
2;1;1;[2.6585222e-03,5.6425810e-01,2.9097530e-01,1.4191736e-01,1.9072909e-04]
3;2;1;[0.00296483,0.63825864,0.27923465,0.07885699,0.00068488]
4;1;0;[0.8767316 ,0.05084332,0.00423777,0.00132127,0.0668661 ]
5;2;2;[0.00313767,0.17501657,0.6009409 ,0.21886273,0.00204207]
6;0;0;[0.86932933,0.11391057,0.00534572,0.00285565,0.00855881]
2;1;1;[4.4941515e-04,9.2882103e-01,1.4358837e-03,6.9163017e-02,1.3060405e-04]
3;2;1;[0.00075745,0.74125516,0.08722922,0.16875984,0.00199836]
4;0;0;[0.64814144,0.33716112,0.00730491,0.00580981,0.00158266]
2;1;1;[4.4249266e-04,9.3121994e-01,1.4685331e-03,6.6752210e-02,1.1673121e-04]
3;1;1;[7.4413209e-04,7.4519461e-01,8.8655382e-02,1.6370791e-01,1.6980035e-03]
4;1;1;[1.42213388e-03,8.49902630e-01,3.50095369e-02,1.13558404e-01,1.07204396e-04]
5;1;1;[1.5490925e-03,5.6064332e-01,1.7162524e-01,2.6593781e-01,2.4461831e-04]
6;2;1;[1.1981757e-03,5.6124842e-01,1.0604262e-01,3.3143088e-01,7.9931524e-05]
7;0;0;[0.9197286 ,0.07145809,0.00403149,0.00094851,0.00383333]
2;0;0;[9.5040691e-01,4.5178466e-02,2.3727426e-03,5.7998911e-04,1.4618881e-03]
2;0;0;[0.8796414 ,0.11362705,0.0039164 ,0.00171625,0.00109893]
2;1;1;[1.8911308e-03,6.0399836e-01,2.6204565e-01,1.3178873e-01,2.7613199e-04]
3;1;1;[1.8131511e-03,5.9516460e-01,3.4759042e-01,5.5085983e-02,3.4581072e-04]
4;2;1;[1.6315201e-03,5.7841587e-01,3.9115158e-01,2.8433621e-02,3.6746275e-04]
5;0;0;[9.1693938e-01,4.3849315e-02,4.6343198e-03,4.2825189e-04,3.4148712e-02]
2;0;0;[0.83014685,0.16115452,0.00446992,0.0030001 ,0.00122863]
2;0;0;[0.83132297,0.16001771,0.00445471,0.00302993,0.00117477]
2;0;0;[9.3730849e-01,5.8159396e-02,2.2497268e-03,1.4186697e-03,8.6366897e-04]
2;0;0;[0.8129666 ,0.17773542,0.00500431,0.00341618,0.00087748]
2;2;1;[2.3229902e-03,5.9808612e-01,3.4728652e-01,5.2113507e-02,1.9086713e-04]
3;0;0;[0.83186424,0.01104952,0.00127506,0.00103   ,0.15478122]
2;0;0;[9.5046216e-01,4.4624288e-02,2.1056759e-03,7.5196876e-04,2.0559418e-03]
2;0;0;[9.8134619e-01,1.6102634e-02,1.3656415e-03,9.6836215e-05,1.0888415e-03]
2;0;0;[9.8189765e-01,1.5615590e-02,1.3339269e-03,9.6604417e-05,1.0562355e-03]
2;0;0;[9.8193973e-01,1.5577839e-02,1.3313539e-03,9.6442309e-05,1.0545425e-03]
2;1;1;[3.0916035e-03,5.4770863e-01,3.8842171e-01,6.0503289e-02,2.7478693e-04]
3;3;1;[0.00528195,0.6214918 ,0.3061491 ,0.06519734,0.00187985]
4;1;1;[0.00238107,0.89593   ,0.00339462,0.09709492,0.00119942]
5;2;1;[0.00179559,0.4939146 ,0.20845574,0.29104355,0.00479047]
6;0;1;[0.47496432,0.496443  ,0.00649203,0.00485862,0.01724196]
2;1;1;[1.12523243e-03,9.49697971e-01,2.53888615e-03,4.65330705e-02,1.04825645e-04]
3;2;1;[0.00193366,0.74650353,0.12275779,0.12569861,0.00310649]
4;0;0;[0.8056035 ,0.17301404,0.00264096,0.00595058,0.01279096]
2;1;1;[1.1360347e-03,9.4969702e-01,2.5534173e-03,4.6509687e-02,1.0380544e-04]
3;3;1;[0.00179996,0.747466  ,0.11875195,0.12890762,0.0030745 ]
4;1;1;[2.2845570e-04,9.0271199e-01,5.2531558e-04,9.6473195e-02,6.1106635e-05]
5;2;1;[0.00171116,0.5029799 ,0.24905413,0.24320726,0.00304757]
6;0;0;[0.7791333 ,0.20353542,0.00570584,0.00603485,0.00559062]
2;1;1;[1.1527522e-03,9.4967401e-01,2.5763814e-03,4.6494476e-02,1.0248289e-04]
3;2;1;[0.00192533,0.74769306,0.12282811,0.12450778,0.0030456 ]
4;0;0;[0.9214721 ,0.06313888,0.00252232,0.00231311,0.01055367]
2;2;1;[3.1078965e-03,5.5244744e-01,3.7258413e-01,7.1599610e-02,2.6088613e-04]
3;0;0;[0.8482066 ,0.00979938,0.0011432 ,0.00101167,0.13983922]
2;0;0;[9.7190452e-01,2.5252244e-02,1.3050538e-03,4.3574953e-04,1.1024348e-03]
2;1;1;[1.2396587e-03,9.4906509e-01,2.7072763e-03,4.6888743e-02,9.9186924e-05]
3;2;1;[0.00192228,0.750976  ,0.12367086,0.12051873,0.00291222]
4;0;0;[0.9212466 ,0.06267066,0.00243851,0.00219913,0.0114451 ]
2;2;1;[2.3493685e-03,5.8308244e-01,3.2971779e-01,8.4638208e-02,2.1213086e-04]
3;0;0;[0.8646797 ,0.01562771,0.00197135,0.00093225,0.11678893]
2;3;1;[1.36395823e-03,8.00457180e-01,8.53687003e-02,1.12083174e-01,7.26990751e-04]
3;1;1;[4.3443369e-04,8.2774079e-01,3.0228058e-03,1.6829614e-01,5.0578295e-04]
4;1;1;[0.00267856,0.6475828 ,0.18553147,0.15877609,0.00543099]
5;3;1;[0.00250324,0.46339473,0.17606916,0.35734785,0.00068499]
6;1;1;[8.3641848e-04,8.8712138e-01,3.6516730e-03,1.0741808e-01,9.7252510e-04]
7;3;3;[0.00091031,0.31736052,0.24119005,0.4397966 ,0.00074251]
8;1;1;[6.1528676e-04,9.3026161e-01,1.9328748e-03,6.7025736e-02,1.6460252e-04]
9;3;1;[0.00133387,0.4433086 ,0.24083877,0.31324625,0.00127252]
10;1;1;[6.1911391e-04,9.5250386e-01,2.3281260e-03,4.4472300e-02,7.6627992e-05]
11;2;1;[0.00163257,0.4425868 ,0.30071694,0.25358358,0.00148003]
12;0;0;[0.5951046 ,0.38845503,0.00590425,0.0051811 ,0.00535508]
2;2;1;[0.00199349,0.6669285 ,0.16269882,0.1668875 ,0.00149159]
3;0;0;[0.48907194,0.4826525 ,0.00987931,0.00266178,0.01573456]
2;2;1;[5.6874724e-03,5.2122092e-01,4.5583072e-01,1.7037652e-02,2.2321208e-04]
3;0;0;[0.93671805,0.01414314,0.00236951,0.00110923,0.04566013]
2;1;1;[7.2942942e-04,9.5506674e-01,1.9338350e-03,4.2186704e-02,8.3197272e-05]
3;2;1;[0.00104892,0.77744097,0.08544566,0.13430743,0.00175702]
4;0;0;[0.564294  ,0.42043754,0.00442399,0.0079786 ,0.00286586]
2;2;1;[2.8060235e-03,5.4422075e-01,3.2472229e-01,1.2804525e-01,2.0568605e-04]
3;0;0;[0.90668315,0.02733273,0.00298576,0.00118576,0.06181252]
2;3;1;[8.4907573e-04,9.5659333e-01,2.1004169e-03,4.0385850e-02,7.1266157e-05]
3;1;1;[3.3206938e-04,7.2132605e-01,1.0881896e-02,2.6430064e-01,3.1592848e-03]
4;3;1;[0.00125173,0.71143746,0.08102597,0.20442788,0.00185699]
5;1;1;[5.9043639e-04,9.0922606e-01,2.9958682e-03,8.7084942e-02,1.0275777e-04]
6;1;3;[0.00073653,0.3411686 ,0.2272617 ,0.43017933,0.00065384]
7;3;1;[3.0749799e-03,4.7994912e-01,1.4592640e-01,3.7095991e-01,8.9602938e-05]
8;1;1;[1.3571958e-03,8.0933237e-01,4.5971461e-03,1.8453397e-01,1.7939493e-04]
9;3;1;[1.69900566e-04,4.54217076e-01,1.84725016e-01,3.60779911e-01,1.08054504e-04]
10;1;1;[1.0287031e-03,8.9574224e-01,2.4418628e-03,1.0072572e-01,6.1478386e-05]
11;3;1;[3.6877065e-04,5.1955605e-01,2.2947209e-01,2.5030637e-01,2.9676309e-04]
12;1;1;[1.3839562e-03,9.3994933e-01,3.0166924e-03,5.5599779e-02,5.0226903e-05]
13;1;1;[4.7809104e-04,5.3129995e-01,2.5077567e-01,2.1709362e-01,3.5267117e-04]
14;1;1;[5.0059003e-03,6.5076745e-01,1.3892236e-01,2.0510748e-01,1.9681276e-04]
15;3;1;[1.0644420e-03,4.3806332e-01,2.2863021e-01,3.3199394e-01,2.4820594e-04]
16;1;1;[2.0955896e-03,9.2378151e-01,4.6966230e-03,6.9279224e-02,1.4717929e-04]
17;2;1;[4.7442617e-04,5.0102562e-01,2.7856109e-01,2.1958658e-01,3.5229739e-04]
18;0;0;[0.8259206 ,0.16473526,0.0050162 ,0.00283536,0.00149247]
2;1;1;[4.7581219e-03,5.1598436e-01,4.4470739e-01,3.4369893e-02,1.8021183e-04]
3;2;1;[2.9379255e-03,5.0432748e-01,4.2575315e-01,6.6712417e-02,2.6901939e-04]
4;0;0;[0.8408878 ,0.08001452,0.00812259,0.00181692,0.06915823]
2;1;1;[7.2467967e-04,9.5060110e-01,1.8241742e-03,4.6721309e-02,1.2877279e-04]
3;2;1;[0.00219625,0.59531295,0.20163088,0.19402765,0.00683224]
4;0;0;[0.85738176,0.12500446,0.0057376 ,0.00432054,0.00755565]
2;1;1;[7.2570960e-04,9.5076543e-01,1.8229989e-03,4.6559121e-02,1.2674423e-04]
3;2;2;[0.01197162,0.36646113,0.5487241 ,0.05299099,0.01985211]
4;0;0;[0.9619798 ,0.02477071,0.00424768,0.00119395,0.00780786]
2;0;0;[0.8186193 ,0.17253122,0.00454084,0.00305782,0.00125085]
2;0;0;[9.6471310e-01,3.1574532e-02,1.9113665e-03,4.3121289e-04,1.3697267e-03]
2;2;1;[0.00215964,0.51091385,0.20335035,0.28210688,0.00146921]
3;0;0;[0.57947165,0.40141362,0.00780657,0.00383   ,0.00747817]
2;1;1;[4.4268288e-04,9.3108022e-01,1.4653220e-03,6.6893853e-02,1.1797194e-04]
3;3;1;[7.0528651e-04,7.4733514e-01,8.1715681e-02,1.6845866e-01,1.7852114e-03]
4;1;1;[2.1157341e-04,9.0769780e-01,1.0038696e-03,9.1049813e-02,3.7046957e-05]
5;1;1;[0.0012211 ,0.5282724 ,0.20439701,0.2634102 ,0.00269928]
6;2;3;[5.5268286e-03,3.8063848e-01,2.1970414e-01,3.9391461e-01,2.1596011e-04]
7;0;0;[0.95940953,0.03269977,0.00352615,0.00144102,0.00292339]
2;3;1;[2.1546844e-03,5.8369547e-01,2.7848893e-01,1.3542932e-01,2.3160587e-04]
3;1;1;[4.4520080e-04,9.3095040e-01,2.3497245e-03,6.5953761e-02,3.0081379e-04]
4;1;1;[0.00130223,0.71219033,0.14254504,0.13801068,0.0059517 ]
5;2;1;[0.00459771,0.5968156 ,0.17487925,0.223034  ,0.00067337]
6;0;0;[0.91245157,0.07377624,0.00563919,0.0017921 ,0.00634086]
2;1;1;[4.4555592e-04,9.3206406e-01,1.5059443e-03,6.5873742e-02,1.1066063e-04]
3;1;1;[0.00100147,0.6940938 ,0.11588136,0.18621355,0.00280978]
4;1;1;[2.3339461e-03,8.0060989e-01,7.4694231e-02,1.2214253e-01,2.1927996e-04]
5;1;1;[1.3996984e-03,5.0497222e-01,2.4547665e-01,2.4784832e-01,3.0309774e-04]
6;2;1;[8.2476391e-04,5.8477467e-01,1.2012557e-01,2.9418159e-01,9.3399489e-05]
7;0;0;[0.8349955 ,0.1531478 ,0.00268992,0.00327506,0.00589169]
2;0;0;[0.8451451 ,0.14670452,0.00382836,0.00257533,0.00174656]
2;1;1;[4.8783640e-04,9.3314743e-01,1.6793064e-03,6.4590335e-02,9.5123709e-05]
3;1;2;[0.00689895,0.29435876,0.5929306 ,0.09146273,0.0143489 ]
4;1;2;[1.7705308e-02,4.5283532e-01,4.9199551e-01,3.7219025e-02,2.4486386e-04]
5;2;2;[2.3786207e-03,3.5864025e-01,5.4122114e-01,9.7661249e-02,9.8725061e-05]
6;0;0;[9.7661668e-01,1.7443279e-02,2.2194551e-03,7.6488539e-04,2.9557394e-03]
2;3;1;[4.7804680e-04,9.3307328e-01,1.6485750e-03,6.4702645e-02,9.7386532e-05]
3;1;1;[2.8985334e-04,7.0467097e-01,1.7714866e-02,2.7487528e-01,2.4490783e-03]
4;3;1;[0.00657449,0.6041657 ,0.23886636,0.14801733,0.00237618]
5;1;1;[4.4788700e-03,8.5113084e-01,1.3440376e-02,1.3042165e-01,5.2823522e-04]
6;2;3;[0.00107622,0.32027984,0.26661035,0.41146496,0.0005686 ]
7;0;0;[0.8259395 ,0.15506671,0.00653394,0.01024493,0.00221491]
2;0;0;[0.8311252 ,0.16020909,0.00445748,0.0030252 ,0.00118313]
2;0;0;[0.8359665 ,0.1555055 ,0.0043815 ,0.00315461,0.0009919 ]
2;0;0;[9.8647946e-01,1.1277929e-02,1.1566404e-03,2.2060747e-04,8.6526392e-04]
2;2;1;[6.5104449e-03,4.8927304e-01,4.6466696e-01,3.9396733e-02,1.5284774e-04]
3;0;0;[9.7708046e-01,1.5700985e-02,2.1418338e-03,6.0269330e-04,4.4740504e-03]
2;0;0;[9.5083851e-01,4.5150075e-02,2.0952479e-03,6.9732370e-04,1.2188286e-03]
2;0;0;[9.8400623e-01,1.3624640e-02,1.1748944e-03,8.3133906e-05,1.1110631e-03]
2;0;0;[9.8665059e-01,1.1131696e-02,1.0646074e-03,6.2985164e-05,1.0900513e-03]
2;2;1;[5.7297279e-03,5.0344682e-01,4.8296061e-01,7.6323110e-03,2.3050758e-04]
3;0;0;[9.2008823e-01,6.7178202e-03,1.5264067e-03,4.6466346e-04,7.1202882e-02]
2;2;1;[3.0069943e-03,5.5567735e-01,3.8082406e-01,6.0240336e-02,2.5127013e-04]
3;0;0;[8.3318388e-01,7.0063891e-03,8.9808792e-04,8.1583485e-04,1.5809578e-01]
2;0;0;[9.7823364e-01,1.9469945e-02,1.2348931e-03,2.0990659e-04,8.5152057e-04]
2;0;0;[9.8157996e-01,1.6103081e-02,1.2660705e-03,1.1919441e-04,9.3167630e-04]
2;2;1;[2.9815361e-03,5.4246724e-01,3.5238355e-01,1.0195466e-01,2.1300477e-04]
3;0;0;[0.87559927,0.04059982,0.00348342,0.00206594,0.0782516 ]
2;0;0;[9.8510945e-01,1.2798671e-02,1.0556713e-03,9.0590824e-05,9.4553048e-04]
2;0;0;[9.8836285e-01,9.7008804e-03,8.1479299e-04,9.1371992e-05,1.0300999e-03]
2;3;1;[3.7900195e-03,5.2171606e-01,4.1912928e-01,5.4955807e-02,4.0893391e-04]
3;3;1;[0.00264878,0.90671694,0.00282141,0.08666641,0.00114639]
4;1;1;[1.4229030e-04,7.7371562e-01,4.0051392e-03,2.2051866e-01,1.6182904e-03]
5;3;1;[0.00101798,0.5391605 ,0.14163068,0.31681547,0.00137541]
6;1;1;[5.1599101e-04,9.2090100e-01,3.1539022e-03,7.5301491e-02,1.2768529e-04]
7;3;3;[0.0005151 ,0.3517606 ,0.22630456,0.42095414,0.00046558]
8;1;1;[1.1417886e-03,9.0861905e-01,3.5683908e-03,8.6530417e-02,1.4037524e-04]
9;1;1;[0.00060892,0.40660274,0.2396515 ,0.35265216,0.00048469]
10;1;1;[4.5456719e-03,6.0875344e-01,1.3344856e-01,2.5298756e-01,2.6475478e-04]
11;1;1;[8.9926395e-04,4.4144824e-01,2.5047150e-01,3.0684793e-01,3.3307754e-04]
12;2;1;[1.5538682e-03,5.3737062e-01,2.0691714e-01,2.5396389e-01,1.9446843e-04]
13;0;0;[0.7621366 ,0.22008386,0.00436122,0.00191231,0.011506  ]
2;2;1;[2.4788419e-03,5.7900620e-01,3.2877874e-01,8.9529894e-02,2.0631617e-04]
3;0;0;[0.8634568 ,0.01966963,0.00178074,0.00156013,0.1135327 ]
2;1;1;[6.4566906e-04,9.5205057e-01,1.8096826e-03,4.5390431e-02,1.0366639e-04]
3;1;1;[0.00098553,0.77583665,0.08213921,0.13905303,0.00198563]
4;3;1;[1.39888586e-03,8.43490541e-01,4.52553891e-02,1.09708756e-01,1.46397622e-04]
5;1;1;[3.6850348e-04,9.6110368e-01,1.5416010e-03,3.6819525e-02,1.6667592e-04]
6;2;1;[3.7639512e-04,5.4974723e-01,8.6849347e-02,3.6279145e-01,2.3565326e-04]
7;0;0;[0.6622956 ,0.32877082,0.00286763,0.00455543,0.00151058]
2;0;0;[9.6092093e-01,3.5805035e-02,1.6390106e-03,5.7459041e-04,1.0604651e-03]
2;0;0;[9.4185448e-01,5.3761318e-02,2.5924472e-03,6.1017985e-04,1.1815985e-03]
2;0;0;[9.6833581e-01,2.8475421e-02,1.7671809e-03,2.7166374e-04,1.1499847e-03]
2;0;0;[0.91190416,0.08261459,0.00285008,0.00137261,0.00125854]
2;1;1;[9.0243522e-04,9.5687443e-01,2.1717567e-03,3.9983094e-02,6.8279020e-05]
3;2;1;[0.00287299,0.47329673,0.36236897,0.15232252,0.00913878]
4;0;0;[0.94698244,0.03438452,0.00429024,0.00200043,0.0123424 ]
2;1;1;[9.8229584e-04,9.5716155e-01,2.2762390e-03,3.9514557e-02,6.5412511e-05]
3;3;1;[0.00156339,0.6946006 ,0.13502781,0.16617937,0.00262882]
4;1;1;[3.96776566e-04,8.94824207e-01,1.12359773e-03,1.03594705e-01,6.07447982e-05]
5;1;1;[0.00149691,0.4090084 ,0.27880123,0.30871323,0.00198021]
6;2;3;[3.3885033e-03,3.6951104e-01,1.5845625e-01,4.6842116e-01,2.2303687e-04]
7;0;0;[0.91099167,0.07651664,0.00566539,0.00266854,0.00415771]
2;0;0;[0.82369   ,0.16728288,0.00426974,0.00279293,0.00196446]
2;0;0;[0.8800407 ,0.11300819,0.00315988,0.0020125 ,0.00177873]
2;1;1;[2.4107392e-03,5.7330537e-01,3.0174252e-01,1.2233041e-01,2.1089749e-04]
3;1;1;[2.0940581e-03,6.4397353e-01,2.7672696e-01,7.6609649e-02,5.9579313e-04]
4;2;1;[0.00291424,0.50758845,0.47549978,0.01320524,0.00079233]
5;0;0;[9.1143280e-01,2.8976336e-02,2.5159032e-03,3.6137045e-04,5.6713618e-02]
2;0;0;[0.9209575 ,0.07372277,0.00261892,0.00124186,0.00145892]
2;0;0;[0.88605297,0.10751943,0.00301016,0.00200567,0.0014118 ]
2;0;0;[0.781906  ,0.2079    ,0.00491641,0.00368557,0.001592  ]
2;0;0;[9.6725726e-01,2.8583316e-02,1.9392576e-03,3.3865971e-04,1.8816206e-03]
2;0;0;[0.84805876,0.14393464,0.00376089,0.00254976,0.00169598]
2;1;1;[4.5482494e-04,9.3266237e-01,1.5593324e-03,6.5218300e-02,1.0515395e-04]
3;1;1;[6.7609991e-04,7.6732707e-01,7.9417586e-02,1.5121469e-01,1.3645524e-03]
4;3;1;[1.1904555e-03,8.4518856e-01,3.4312446e-02,1.1920767e-01,1.0091608e-04]
5;1;1;[1.4145688e-04,9.5439172e-01,1.8017110e-03,4.3558661e-02,1.0649008e-04]
6;2;1;[4.96081600e-04,5.29266298e-01,1.01400726e-01,3.68433774e-01,4.03081183e-04]
7;0;0;[0.5503428 ,0.43752855,0.00390468,0.00686311,0.00136085]
2;1;1;[3.2355122e-03,5.4797786e-01,3.2057890e-01,1.2800506e-01,2.0272580e-04]
3;1;1;[2.0329219e-03,6.0103750e-01,3.1199974e-01,8.4612064e-02,3.1782387e-04]
4;3;1;[1.6346764e-03,6.3639438e-01,3.1643069e-01,4.5116473e-02,4.2388125e-04]
5;1;1;[1.4586643e-03,9.4507354e-01,3.6124247e-03,4.9458157e-02,3.9729697e-04]
6;1;1;[0.00086177,0.530734  ,0.2505335 ,0.21638793,0.00148281]
7;2;1;[3.5693825e-03,5.9471220e-01,1.3399406e-01,2.6750273e-01,2.2167248e-04]
8;0;0;[0.51019937,0.4645262 ,0.01119449,0.00782887,0.00625098]
2;2;1;[0.00236189,0.65420777,0.14550214,0.19715552,0.00077269]
3;0;0;[0.7603653 ,0.21506096,0.00590371,0.00471227,0.01395765]
2;1;1;[5.3017837e-04,9.3330002e-01,1.7916999e-03,6.4290158e-02,8.8020242e-05]
3;1;2;[0.00450112,0.33762476,0.49306625,0.15288508,0.01192276]
4;2;1;[0.02525151,0.48726478,0.401752  ,0.085055  ,0.00067667]
5;0;0;[9.8029286e-01,1.1909291e-02,2.5806015e-03,7.4218435e-04,4.4750525e-03]
2;0;0;[0.82319814,0.1678251 ,0.00454242,0.00286425,0.0015701 ]
2;0;0;[0.83565784,0.15582302,0.00436708,0.00304409,0.00110795]
2;1;1;[4.0926688e-04,9.2700928e-01,1.5771297e-03,7.0908330e-02,9.5903684e-05]
3;1;1;[6.4030098e-04,7.5310147e-01,8.4901571e-02,1.6016382e-01,1.1928284e-03]
4;3;1;[1.25791959e-03,8.47203493e-01,3.45287286e-02,1.16917916e-01,9.20510647e-05]
5;1;1;[1.53543035e-04,9.50523436e-01,2.31980509e-03,4.69028875e-02,1.00296515e-04]
6;3;1;[0.00065754,0.5337072 ,0.12183508,0.34321505,0.00058512]
7;1;1;[1.0669847e-03,9.1004139e-01,2.3011831e-03,8.6514235e-02,7.6290293e-05]
8;3;1;[0.00060418,0.45656136,0.15711099,0.38522932,0.00049418]
9;1;1;[1.0419952e-03,9.1144282e-01,2.1217887e-03,8.5340343e-02,5.2976160e-05]
10;2;1;[0.00081085,0.41290691,0.23981006,0.34566897,0.00080319]
11;0;0;[0.79850286,0.19136201,0.0042238 ,0.00427808,0.00163326]
2;0;0;[8.5207891e-01,1.3957453e-01,4.0218467e-03,3.7992836e-03,5.2547926e-04]
2;0;0;[8.0006170e-01,1.8960454e-01,5.5130203e-03,4.3308521e-03,4.8981165e-04]
2;1;1;[7.53705390e-04,9.53461945e-01,2.01372872e-03,4.36602049e-02,1.10364956e-04]
3;2;1;[0.00121681,0.77222115,0.09145518,0.13257816,0.00252865]
4;0;0;[0.78995895,0.19414528,0.00385122,0.00456286,0.00748162]
2;0;0;[9.7884423e-01,1.8770861e-02,1.0851760e-03,2.9483475e-04,1.0048152e-03]
2;2;1;[4.7583496e-03,5.4747593e-01,4.3399253e-01,1.3589247e-02,1.8392694e-04]
3;0;0;[9.073888e-01,8.318495e-03,1.493302e-03,7.446737e-04,8.205462e-02]
2;0;0;[0.9246298 ,0.06990153,0.0024825 ,0.00128889,0.00169722]
2;1;1;[6.7784393e-04,9.5361459e-01,1.8581206e-03,4.3756109e-02,9.3335584e-05]
3;2;1;[0.00104176,0.7823919 ,0.08265287,0.13206461,0.00184889]
4;0;0;[0.5872493 ,0.39703748,0.0042389 ,0.0077754 ,0.00369896]
2;1;0;[0.93125445,0.06387518,0.00229877,0.00119076,0.00138083]
3;2;1;[8.6922542e-04,4.9811682e-01,2.8925467e-01,2.1154878e-01,2.1057935e-04]
4;0;0;[0.55230176,0.43433818,0.00411204,0.00692   ,0.00232799]
2;0;0;[9.4105566e-01,5.4539371e-02,2.6191077e-03,6.3866784e-04,1.1471518e-03]
2;0;0;[0.85902387,0.13317542,0.00391071,0.00237154,0.0015184 ]
2;1;1;[7.7129086e-04,9.5579058e-01,1.9934932e-03,4.1366842e-02,7.7859950e-05]
3;2;1;[0.00103405,0.77507144,0.08496863,0.1372022 ,0.00172363]
4;0;0;[0.72015536,0.2670267 ,0.00440191,0.00555935,0.00285675]
2;2;1;[0.00149556,0.6646845 ,0.13942476,0.19234355,0.00205158]
3;0;0;[0.69912875,0.2671002 ,0.0091051 ,0.0025804 ,0.02208563]
2;1;0;[9.7372627e-01,2.3554992e-02,1.3778203e-03,3.8558897e-04,9.5527753e-04]
3;3;2;[3.2451749e-03,2.2348432e-01,6.3158113e-01,1.4126292e-01,4.2649370e-04]
4;1;1;[7.9561006e-03,7.9962718e-01,7.4162399e-03,1.8478267e-01,2.1781810e-04]
5;2;2;[0.00377895,0.20029126,0.73014593,0.0647407 ,0.00104318]
6;0;0;[7.7571499e-01,2.0901026e-01,9.4254306e-03,5.0992598e-03,7.5018092e-04]
2;1;1;[4.6627983e-04,9.3290043e-01,1.6069480e-03,6.4925984e-02,1.0029580e-04]
3;1;1;[6.6861388e-04,7.7528667e-01,7.7604264e-02,1.4520179e-01,1.2386842e-03]
4;2;1;[2.0046970e-03,7.9457927e-01,5.8386713e-02,1.4488557e-01,1.4366415e-04]
5;0;0;[9.6974450e-01,2.1132357e-02,4.4918102e-03,5.5338774e-04,4.0778634e-03]
2;1;1;[4.6835031e-04,9.3294120e-01,1.6147494e-03,6.4875998e-02,9.9784796e-05]
3;2;1;[6.8833714e-04,7.6682365e-01,8.2995780e-02,1.4825971e-01,1.2325245e-03]
4;0;0;[0.5538477 ,0.42957968,0.00652712,0.0086266 ,0.00141895]
2;1;1;[4.7347034e-04,9.3300956e-01,1.6329531e-03,6.4785562e-02,9.8382981e-05]
3;2;1;[6.8575639e-04,7.6857901e-01,8.2430482e-02,1.4710301e-01,1.2017564e-03]
4;0;0;[0.54926336,0.43421134,0.00639959,0.00870999,0.00141562]
2;2;1;[4.4278251e-03,5.1994914e-01,4.4211945e-01,3.3396974e-02,1.0668295e-04]
3;0;0;[9.7721875e-01,1.0251806e-02,1.6392987e-03,9.6552516e-04,9.9246139e-03]
2;0;0;[0.8323959 ,0.1589784 ,0.00443919,0.00305652,0.00113005]
2;0;0;[9.7266686e-01,2.4002830e-02,1.9496897e-03,3.2261715e-04,1.0579086e-03]
2;0;0;[0.8386038 ,0.15292361,0.00433383,0.00324463,0.00089412]
2;2;1;[5.3299125e-03,5.2263325e-01,3.8516435e-01,8.6710140e-02,1.6230624e-04]
3;0;0;[0.96880305,0.01757475,0.00179445,0.0013477 ,0.01048001]
2;2;1;[0.00149384,0.42190754,0.16804184,0.40767688,0.00087982]
3;0;0;[0.8442487 ,0.14382261,0.00691891,0.00264464,0.00236514]
2;0;0;[8.8677275e-01,1.0692161e-01,3.4082902e-03,2.1305045e-03,7.6679513e-04]
2;0;0;[9.6455038e-01,3.2106075e-02,1.6126704e-03,5.0955807e-04,1.2212277e-03]
2;2;1;[2.6664259e-03,5.7759207e-01,3.6124352e-01,5.8289155e-02,2.0879414e-04]
3;0;0;[8.5477632e-01,5.7638441e-03,9.9785032e-04,4.7779956e-04,1.3798422e-01]
2;1;1;[7.8007829e-04,9.5420414e-01,2.0471341e-03,4.2865004e-02,1.0366137e-04]
3;1;1;[0.00129556,0.7748982 ,0.09371512,0.12766159,0.00242953]
4;2;1;[4.0528472e-03,7.4454790e-01,1.5826976e-01,9.2678063e-02,4.5147180e-04]
5;0;0;[9.7642571e-01,1.3029360e-02,1.9175103e-03,4.5572146e-04,8.1716767e-03]
2;2;1;[3.1244219e-03,5.4350650e-01,3.5121608e-01,1.0193081e-01,2.2213765e-04]
3;1;0;[0.87943035,0.03593509,0.00315861,0.00191171,0.07956436]
4;2;2;[0.00292607,0.11913589,0.5528221 ,0.3227984 ,0.00231756]
5;1;0;[0.91191703,0.06587537,0.00471035,0.00321416,0.01428303]
6;2;2;[2.3287549e-03,9.9551491e-02,7.1275610e-01,1.8499109e-01,3.7261678e-04]
7;1;0;[0.9106997 ,0.07754631,0.00432393,0.0026505 ,0.00477951]
8;2;2;[1.5374674e-03,1.1509027e-01,7.2370702e-01,1.5950057e-01,1.6461355e-04]
9;0;0;[0.8949686 ,0.09566963,0.00437267,0.00228319,0.00270588]
2;0;0;[9.7031397e-01,2.6767531e-02,1.4077817e-03,4.1976827e-04,1.0908559e-03]
2;0;0;[9.8250824e-01,1.5329073e-02,9.5672486e-04,2.2201528e-04,9.8394696e-04]
2;0;0;[9.5574081e-01,4.0025987e-02,2.1746024e-03,4.5472468e-04,1.6038000e-03]
2;1;1;[6.24357664e-04,9.50105846e-01,1.77978841e-03,4.73736338e-02,1.16301526e-04]
3;2;1;[0.00149777,0.6631962 ,0.14455502,0.18634748,0.00440351]
4;0;0;[0.8219085 ,0.16295882,0.00544229,0.0045285 ,0.00516199]
2;0;0;[0.9245957 ,0.06989301,0.00248718,0.00128613,0.00173808]
2;1;1;[2.5990589e-03,5.7669955e-01,3.2850093e-01,9.1994859e-02,2.0555237e-04]
3;1;1;[0.00302335,0.6213081 ,0.3011817 ,0.07344746,0.00103937]
4;1;1;[0.00176281,0.58766586,0.3793514 ,0.03009145,0.00112845]
5;1;1;[0.00124524,0.6204416 ,0.3456726 ,0.03175285,0.0008877 ]
6;2;1;[1.1717149e-03,6.5767097e-01,2.8386849e-01,5.6780893e-02,5.0787197e-04]
7;0;0;[8.4944892e-01,7.8861028e-02,4.2450838e-03,6.1196025e-04,6.6833034e-02]
2;0;0;[0.925969  ,0.06870179,0.00244333,0.00127083,0.001615  ]
2;0;0;[9.7185206e-01,2.5324013e-02,1.6089455e-03,2.3745665e-04,9.7753655e-04]
2;0;0;[0.93708766,0.05786519,0.00209988,0.00118045,0.00176679]
2;0;0;[0.89026564,0.10339003,0.00329106,0.00153564,0.00151761]
2;0;0;[9.6044332e-01,3.5726398e-02,1.9136459e-03,5.0067424e-04,1.4159089e-03]
2;0;0;[0.8829538 ,0.11042437,0.00308069,0.00202558,0.00151546]
2;0;0;[0.88299185,0.11039477,0.00307974,0.00202729,0.00150629]
2;1;1;[6.7738234e-04,9.4838679e-01,1.9109146e-03,4.8946034e-02,7.8963058e-05]
3;3;1;[0.00085182,0.8016707 ,0.07285253,0.12339754,0.00122745]
4;3;1;[1.3613745e-04,9.4080490e-01,7.9911156e-04,5.8230154e-02,2.9591207e-05]
5;1;1;[2.4421970e-04,8.6406273e-01,1.0434873e-02,1.2484723e-01,4.1087304e-04]
6;3;1;[0.00137725,0.42771855,0.16866103,0.4014951 ,0.00074805]
7;1;1;[2.0490927e-03,8.5114980e-01,6.0328161e-03,1.4055239e-01,2.1594622e-04]
8;3;3;[0.00066603,0.3266102 ,0.21141803,0.46078447,0.00052129]
9;1;1;[2.0978169e-03,8.3847725e-01,4.0042503e-03,1.5530026e-01,1.2035259e-04]
10;1;1;[0.00077956,0.41080353,0.2363453 ,0.3513814 ,0.00069025]
11;2;1;[5.7863821e-03,5.3838271e-01,1.1990320e-01,3.3566263e-01,2.6509602e-04]
12;0;1;[0.42972717,0.5466124 ,0.01217394,0.00839032,0.00309618]
2;1;1;[4.4743079e-04,9.3030804e-01,1.4654485e-03,6.7651927e-02,1.2724633e-04]
3;2;2;[0.00686157,0.3422713 ,0.5623245 ,0.07156496,0.01697765]
4;0;0;[0.9639369 ,0.02663283,0.00464849,0.00101896,0.00376275]
2;2;1;[2.9043762e-03,5.5228764e-01,2.7761459e-01,1.6701052e-01,1.8288649e-04]
3;0;0;[0.9301837 ,0.02483663,0.00208249,0.00167809,0.04121904]
2;3;1;[2.1513950e-03,5.8391482e-01,2.7856565e-01,1.3513580e-01,2.3234931e-04]
3;1;1;[4.3716797e-04,9.2970383e-01,2.2745878e-03,6.7287527e-02,2.9683238e-04]
4;3;1;[0.00140985,0.69664085,0.14887922,0.1464914 ,0.00657862]
5;1;1;[3.6135881e-04,9.3385446e-01,1.4107472e-03,6.4290881e-02,8.2549370e-05]
6;1;1;[0.0015205 ,0.45143086,0.23371752,0.3106907 ,0.00264048]
7;1;3;[3.9873156e-03,3.9157712e-01,1.4057545e-01,4.6368286e-01,1.7721884e-04]
8;2;3;[5.7647930e-04,3.7111244e-01,1.7522037e-01,4.5299140e-01,9.9229961e-05]
9;0;0;[0.83037156,0.15836759,0.00411997,0.00292567,0.00421517]
2;2;1;[2.3037428e-03,5.7186949e-01,2.6777053e-01,1.5787242e-01,1.8387043e-04]
3;0;0;[9.4229025e-01,2.9186653e-02,3.5117466e-03,7.7938184e-04,2.4231954e-02]
2;0;0;[9.6368223e-01,3.2877341e-02,1.8503030e-03,5.6814373e-04,1.0219476e-03]
2;2;1;[5.1485100e-03,5.3649557e-01,4.0370047e-01,5.4518458e-02,1.3693662e-04]
3;0;0;[0.9699412 ,0.01627393,0.00224123,0.00127091,0.0102728 ]
2;3;1;[2.1330744e-03,5.7605046e-01,2.3659204e-01,1.8507202e-01,1.5247922e-04]
3;3;1;[4.8279879e-04,9.3448687e-01,2.8485467e-03,6.1996877e-02,1.8488585e-04]
4;1;1;[2.4010753e-04,7.7509111e-01,1.9740712e-02,2.0278272e-01,2.1452759e-03]
5;3;1;[0.00124335,0.6741396 ,0.08682105,0.23651733,0.00127869]
6;1;1;[5.5212167e-04,8.9947730e-01,3.3776269e-03,9.6463248e-02,1.2973783e-04]
7;1;3;[0.00086894,0.31673875,0.24934089,0.43237746,0.00067384]
8;1;3;[3.1006536e-03,3.2325882e-01,1.3462664e-01,5.3890949e-01,1.0439731e-04]
9;2;3;[8.7226374e-04,3.1824762e-01,2.1339722e-01,4.6736541e-01,1.1742541e-04]
10;0;0;[0.9129853 ,0.07970349,0.00282557,0.00192281,0.00256282]
2;3;1;[0.00250003,0.5464153 ,0.17256103,0.27746361,0.00106001]
3;1;1;[5.6516449e-04,8.0039048e-01,1.5571198e-03,1.9707564e-01,4.1159315e-04]
4;2;1;[0.00359377,0.575913  ,0.23258626,0.18378806,0.00411891]
5;0;0;[0.7831293 ,0.19189747,0.00516675,0.0079886 ,0.01181786]
2;1;1;[4.4145843e-04,9.2957342e-01,1.8523312e-03,6.8049170e-02,8.3635787e-05]
3;2;1;[0.00076003,0.7467534 ,0.09093741,0.16015297,0.00139621]
4;0;0;[0.88993806,0.10118045,0.00479632,0.00224214,0.00184299]
2;0;0;[8.4130067e-01,1.5027970e-01,4.2797560e-03,3.3221957e-03,8.1766734e-04]
2;0;0;[9.6619517e-01,3.0561822e-02,1.9180544e-03,2.7241962e-04,1.0525057e-03]
2;0;0;[0.9344605 ,0.06052503,0.0024591 ,0.00105379,0.00150165]
2;0;0;[9.6040076e-01,3.6210462e-02,1.9579574e-03,4.6928055e-04,9.6146332e-04]
2;0;0;[9.7102618e-01,2.6305569e-02,1.4941021e-03,3.2118161e-04,8.5297186e-04]
2;0;0;[9.7576070e-01,2.1672633e-02,1.2046042e-03,3.3970716e-04,1.0224563e-03]
2;0;0;[9.6144551e-01,3.5223544e-02,1.6919074e-03,6.0463347e-04,1.0344489e-03]
2;2;1;[7.3273067e-04,9.7201723e-01,1.5992785e-02,1.1198034e-02,5.9055983e-05]
3;0;0;[8.0023515e-01,1.6049458e-01,7.4098352e-03,6.7994226e-04,3.1180454e-02]
2;1;1;[1.9950026e-03,9.4497669e-01,4.1847429e-03,4.8713814e-02,1.2980783e-04]
3;2;1;[0.00148409,0.7780629 ,0.09468831,0.12411945,0.00164528]
4;0;0;[0.72041535,0.25860327,0.00316495,0.00639386,0.01142257]
2;0;0;[0.9267676 ,0.06798256,0.00242045,0.00125968,0.00156971]
2;2;1;[2.7858876e-03,5.7016742e-01,3.2782406e-01,9.9010862e-02,2.1177510e-04]
3;0;0;[0.88409543,0.01536652,0.00181661,0.00116378,0.09755764]
2;0;0;[9.5264035e-01,4.3606807e-02,1.9709538e-03,6.5347028e-04,1.1284006e-03]
2;0;0;[0.88038725,0.11259457,0.00316054,0.00199077,0.00186681]
2;2;1;[2.3446677e-03,5.7591510e-01,3.0347133e-01,1.1805067e-01,2.1817688e-04]
3;0;0;[0.8850649 ,0.03366081,0.00269616,0.00174613,0.07683199]
2;1;1;[5.6957459e-04,9.4705141e-01,1.7262833e-03,5.0560441e-02,9.2329014e-05]
3;1;1;[0.00081597,0.7886397 ,0.07462043,0.13448082,0.00144307]
4;1;1;[1.0554598e-03,8.2764870e-01,3.3499520e-02,1.3770074e-01,9.5508018e-05]
5;1;1;[1.3336434e-03,5.4583150e-01,1.3936615e-01,3.1323791e-01,2.3077744e-04]
6;2;1;[1.5247074e-03,6.0579681e-01,1.6394651e-01,2.2861512e-01,1.1684033e-04]
7;0;0;[0.94423753,0.05010264,0.00117298,0.00105335,0.00343353]
2;1;1;[2.7564971e-03,5.6160814e-01,2.8778335e-01,1.4766288e-01,1.8921583e-04]
3;2;1;[3.5355322e-03,5.9039533e-01,3.5553786e-01,5.0012197e-02,5.1909295e-04]
4;0;0;[0.89626724,0.02208037,0.00216631,0.00092453,0.07856151]
2;0;0;[9.6018159e-01,3.6238201e-02,1.7242446e-03,7.8414602e-04,1.0718500e-03]
2;2;1;[3.7798712e-03,5.6154948e-01,3.6693722e-01,6.7578703e-02,1.5469326e-04]
3;0;0;[0.95688576,0.01518163,0.00205528,0.0011923 ,0.02468508]
2;0;0;[0.8615735 ,0.13119906,0.0035958 ,0.00268466,0.00094695]
2;3;3;[0.00145704,0.39706367,0.15962465,0.44059134,0.00126339]
3;1;1;[2.6840760e-04,8.1036747e-01,9.8784640e-04,1.8808112e-01,2.9519657e-04]
4;1;1;[0.0019002 ,0.6578706 ,0.181062  ,0.1552733 ,0.00389394]
5;1;1;[2.1638211e-03,5.6266123e-01,1.6868265e-01,2.6621041e-01,2.8189778e-04]
6;2;1;[9.6017617e-04,4.4113213e-01,2.1258618e-01,3.4508699e-01,2.3443623e-04]
7;0;0;[0.9528061 ,0.03243012,0.00164126,0.00172685,0.01139571]
2;1;1;[4.1162074e-04,9.2381930e-01,1.4534873e-03,7.4209340e-02,1.0623930e-04]
3;2;1;[6.9336267e-04,7.3245186e-01,8.8488005e-02,1.7675766e-01,1.6090890e-03]
4;0;0;[0.6952217 ,0.29145756,0.00738724,0.00480902,0.00112443]
2;0;0;[0.83678883,0.15470439,0.00436625,0.00317239,0.00096813]
2;0;0;[9.4580483e-01,5.0189238e-02,2.1707190e-03,1.1066085e-03,7.2858698e-04]
2;1;1;[1.9892801e-03,5.9463865e-01,2.1954833e-01,1.8368380e-01,1.3997355e-04]
3;2;1;[2.0536648e-03,5.6465799e-01,3.4508300e-01,8.7913089e-02,2.9234245e-04]
4;0;0;[0.9280143 ,0.05666202,0.00586975,0.00117744,0.00827655]
2;0;0;[0.8030812 ,0.18740474,0.00518405,0.00283128,0.00149874]
2;0;0;[0.80364215,0.18686894,0.00517762,0.00285077,0.00146058]
2;1;1;[1.9685254e-03,6.1378330e-01,2.0904681e-01,1.7507979e-01,1.2155656e-04]
3;1;2;[5.1572151e-03,4.3075910e-01,5.3431118e-01,2.9544435e-02,2.2806234e-04]
4;2;1;[2.5214436e-03,5.0762320e-01,4.5307800e-01,3.6688391e-02,8.8974557e-05]
5;0;0;[0.9272152 ,0.05265028,0.00758874,0.00094614,0.01159963]
2;1;1;[7.0599857e-04,9.5112330e-01,1.9666641e-03,4.6072513e-02,1.3154485e-04]
3;3;1;[0.00108192,0.7641011 ,0.08713878,0.14487194,0.00280634]
4;1;1;[1.3532708e-04,9.0222448e-01,4.7780585e-04,9.7122602e-02,3.9766892e-05]
5;3;1;[0.00163431,0.6188002 ,0.18762827,0.18829212,0.00364514]
6;1;1;[4.4823921e-04,9.3842065e-01,2.3368292e-03,5.8724523e-02,6.9747199e-05]
7;3;1;[0.00066032,0.39738044,0.21815504,0.38292643,0.00087781]
8;1;1;[5.5731030e-04,9.2485714e-01,2.3075752e-03,7.2222479e-02,5.5480279e-05]
9;3;1;[0.00065527,0.42770827,0.22927582,0.34147337,0.00088731]
10;1;1;[3.9133392e-04,9.3830448e-01,2.0235130e-03,5.9248373e-02,3.2301865e-05]
11;1;1;[0.00109733,0.5182794 ,0.22285147,0.25643376,0.00133805]
12;2;1;[3.27832066e-03,6.30666614e-01,1.09647945e-01,2.56031096e-01,3.75989097e-04]
13;0;1;[0.22665405,0.74262893,0.01712636,0.00990818,0.00368242]
2;1;1;[7.1122864e-04,9.5143294e-01,1.9711300e-03,4.5755837e-02,1.2879811e-04]
3;3;1;[0.00108638,0.76492935,0.08730241,0.14391388,0.00276798]
4;1;1;[1.3589526e-04,9.0293324e-01,4.7518947e-04,9.6416436e-02,3.9174651e-05]
5;3;1;[0.00162145,0.61558837,0.18861665,0.19054951,0.00362407]
6;1;1;[4.4974615e-04,9.3799549e-01,2.3464661e-03,5.9138976e-02,6.9278962e-05]
7;3;1;[0.00065724,0.39698282,0.21791434,0.38357565,0.00086994]
8;1;1;[5.5868650e-04,9.2471522e-01,2.3153876e-03,7.2355494e-02,5.5213048e-05]
9;3;1;[0.00065504,0.4277763 ,0.22914664,0.34153864,0.00088343]
10;1;1;[3.9177624e-04,9.3820024e-01,2.0289777e-03,5.9346735e-02,3.2204349e-05]
11;1;1;[0.00109811,0.51846486,0.22273806,0.2563637 ,0.00133524]
12;2;1;[3.2768159e-03,6.3071692e-01,1.0959490e-01,2.5603637e-01,3.7503670e-04]
13;0;1;[0.22671661,0.74256647,0.01712476,0.00992368,0.00366849]
2;0;0;[9.7908735e-01,1.8434035e-02,1.3319529e-03,1.4058911e-04,1.0061009e-03]
2;0;0;[9.6720803e-01,2.9652374e-02,1.5192304e-03,4.6744119e-04,1.1530212e-03]
2;2;1;[5.4136240e-03,5.0371534e-01,4.7462335e-01,1.6028447e-02,2.1923693e-04]
3;0;0;[9.2313439e-01,8.9475131e-03,1.6318532e-03,8.4846059e-04,6.5437734e-02]
2;3;1;[8.7057886e-04,8.8659000e-01,4.9277224e-02,6.2928483e-02,3.3376069e-04]
3;1;1;[3.6639758e-04,8.4681606e-01,2.9971984e-03,1.4936124e-01,4.5910300e-04]
4;2;1;[0.00260704,0.6769614 ,0.17327161,0.14256313,0.00459684]
5;0;0;[0.67834544,0.27034706,0.00517992,0.00887122,0.0372564 ]
2;1;1;[0.00222056,0.5941236 ,0.1838291 ,0.21858488,0.00124187]
3;2;1;[2.5061537e-03,7.6538491e-01,1.1582035e-01,1.1588492e-01,4.0365462e-04]
4;0;0;[0.9024649 ,0.03019512,0.00327224,0.00142758,0.06264022]
2;2;1;[3.0690338e-03,5.5262321e-01,2.7664688e-01,1.6746314e-01,1.9768420e-04]
3;0;0;[0.93592846,0.01961804,0.0022981 ,0.00134606,0.04080936]
2;0;0;[0.9317933 ,0.06320619,0.00224054,0.00139828,0.00136169]
2;0;0;[0.8570386 ,0.13553087,0.00366221,0.00265485,0.00111346]
2;3;1;[4.9259252e-04,9.3340284e-01,1.6972673e-03,6.4311042e-02,9.6260417e-05]
3;1;1;[3.2291384e-04,6.8445438e-01,1.8758543e-02,2.9408419e-01,2.3798971e-03]
4;1;1;[0.00144256,0.71138996,0.08018743,0.20546138,0.00151866]
5;3;3;[1.9712669e-03,3.2123342e-01,1.8029068e-01,4.9623057e-01,2.7418189e-04]
6;3;1;[9.6471183e-04,8.7806153e-01,3.6424170e-03,1.1714215e-01,1.8920221e-04]
7;1;1;[5.5730907e-04,7.9287487e-01,1.3909981e-02,1.9205682e-01,6.0106377e-04]
8;2;1;[0.00160914,0.47838166,0.1775277 ,0.34193462,0.00054673]
9;1;0;[0.657775  ,0.3259612 ,0.00687622,0.00700656,0.00238102]
10;2;3;[4.5404417e-04,3.2494852e-01,2.4983272e-01,4.2457145e-01,1.9319591e-04]
11;0;0;[0.67170477,0.31507385,0.00618597,0.00458362,0.00245182]
2;0;0;[0.9364624 ,0.0587825 ,0.00227224,0.00126907,0.00121385]
2;0;0;[9.1208947e-01,8.2617901e-02,2.8127371e-03,1.7085318e-03,7.7134150e-04]
2;1;1;[2.3622878e-03,5.9550625e-01,3.4859487e-01,5.3346347e-02,1.9027285e-04]
3;2;1;[0.00530542,0.59427285,0.3292274 ,0.06932633,0.00186797]
4;0;0;[0.7753716 ,0.02493608,0.00270124,0.00121087,0.19578026]
2;0;0;[9.6957076e-01,2.7458243e-02,1.4344290e-03,4.3135407e-04,1.1051360e-03]
2;0;0;[9.5193660e-01,4.4098739e-02,2.1661811e-03,6.5185106e-04,1.1465623e-03]
2;0;0;[9.4766569e-01,4.8134822e-02,2.0559269e-03,8.7809603e-04,1.2653660e-03]
2;1;1;[3.7649858e-03,5.2201563e-01,4.1847941e-01,5.5336077e-02,4.0387336e-04]
3;1;1;[0.00585098,0.62485504,0.3072101 ,0.05975407,0.00232975]
4;1;1;[0.00275544,0.5648829 ,0.40047577,0.02937011,0.00251576]
5;3;1;[0.00110965,0.6064656 ,0.36168194,0.0291904 ,0.00155232]
6;1;1;[1.5686332e-03,9.3390113e-01,3.4266904e-03,6.0330749e-02,7.7288516e-04]
7;2;1;[4.3402764e-04,5.6544268e-01,1.7505783e-01,2.5849023e-01,5.7526334e-04]
8;0;1;[0.35982686,0.6194452 ,0.00557558,0.0036988 ,0.01145359]
2;1;1;[3.2637457e-03,5.4024494e-01,3.8655034e-01,6.9615752e-02,3.2520571e-04]
3;1;1;[0.00459148,0.6205018 ,0.31453186,0.05861812,0.00175669]
4;1;1;[0.00202575,0.55011266,0.4201825 ,0.02580734,0.0018718 ]
5;2;1;[0.00110945,0.6061853 ,0.36631796,0.02513987,0.00124736]
6;0;0;[7.5580806e-01,5.8561306e-02,2.5497223e-03,6.0462474e-04,1.8247622e-01]
2;1;1;[1.1474603e-03,9.5522869e-01,2.6205357e-03,4.0922228e-02,8.1104139e-05]
3;2;1;[0.00161367,0.7780599 ,0.10449596,0.11398697,0.00184345]
4;0;0;[0.86014974,0.1253821 ,0.00248251,0.00401859,0.00796711]
2;2;1;[7.3333282e-04,8.9517844e-01,4.3462988e-02,6.0320448e-02,3.0481970e-04]
3;0;0;[0.52916384,0.4335057 ,0.01143123,0.0029425 ,0.02295674]
2;1;1;[6.5939047e-04,9.5282561e-01,1.8302765e-03,4.4586159e-02,9.8579396e-05]
3;2;1;[0.00211986,0.55222785,0.24725012,0.19069213,0.00771004]
4;0;0;[0.9065741 ,0.07634226,0.0053585 ,0.00321419,0.0085109 ]
2;1;1;[2.7685286e-03,5.7068092e-01,3.2776079e-01,9.8579146e-02,2.1071942e-04]
3;2;1;[0.0036251 ,0.6195959 ,0.31161612,0.06408234,0.00108054]
4;0;0;[0.8345833 ,0.03948993,0.00393253,0.00106002,0.12093432]
2;0;0;[0.94021285,0.05550513,0.0020697 ,0.00103861,0.0011737 ]
2;2;1;[2.7629982e-03,5.6211156e-01,2.8942734e-01,1.4550745e-01,1.9070804e-04]
3;0;0;[0.91977787,0.02022079,0.00200411,0.00138454,0.05661273]
2;0;0;[9.3195230e-01,6.3574292e-02,2.5539021e-03,1.1192976e-03,8.0020557e-04]
2;0;0;[9.4416642e-01,5.1606439e-02,2.3831842e-03,8.4100798e-04,1.0029548e-03]
2;0;0;[0.832489  ,0.15888812,0.00443771,0.0030585 ,0.0011267 ]
2;0;0;[9.5219678e-01,4.3955196e-02,2.1663674e-03,8.5250509e-04,8.2916307e-04]
2;1;1;[3.8699424e-04,9.3024892e-01,1.9516340e-03,6.7334302e-02,7.8220888e-05]
3;2;1;[0.0008164 ,0.6359747 ,0.13830647,0.22232355,0.00257887]
4;0;0;[0.8765637 ,0.11444574,0.00589252,0.00204172,0.00105625]
2;0;0;[7.9380065e-01,1.9618937e-01,5.5768085e-03,3.8072094e-03,6.2596437e-04]
2;0;0;[7.9458582e-01,1.9538438e-01,5.5676745e-03,3.8508510e-03,6.1126670e-04]
2;0;0;[9.6501178e-01,3.1681154e-02,1.5965063e-03,5.0222577e-04,1.2084104e-03]
2;0;0;[9.7916096e-01,1.8472731e-02,1.0728651e-03,2.9011935e-04,1.0034078e-03]
2;0;0;[9.7252887e-01,2.4751335e-02,1.3983814e-03,3.2572696e-04,9.9576300e-04]
2;0;0;[9.7159541e-01,2.5571611e-02,1.3606049e-03,4.0095704e-04,1.0714802e-03]
2;0;0;[9.7298098e-01,2.4278959e-02,1.3098178e-03,3.7994111e-04,1.0503685e-03]
2;0;0;[0.94329345,0.05189513,0.00205241,0.00096434,0.00179458]
2;0;0;[9.5021510e-01,4.6003889e-02,2.0322120e-03,6.6118652e-04,1.0875926e-03]
2;0;0;[0.9395883 ,0.05609275,0.00208553,0.00104943,0.00118388]
2;0;0;[0.9324845 ,0.0629918 ,0.00250356,0.00095654,0.00106359]
2;0;0;[0.93892556,0.05671622,0.00210238,0.00106072,0.00119511]
2;0;0;[0.8758579 ,0.11587269,0.00340617,0.0018976 ,0.00296564]
2;1;1;[5.1401014e-04,9.4387162e-01,1.6008299e-03,5.3900283e-02,1.1325680e-04]
3;1;1;[0.00077514,0.76650155,0.07845613,0.15246487,0.00180234]
4;2;1;[4.87909419e-03,7.25205421e-01,1.45965442e-01,1.23565875e-01,3.84145416e-04]
5;0;0;[0.95820266,0.0335986 ,0.0036458 ,0.00098938,0.00356353]
2;0;0;[0.9379763 ,0.05716618,0.00206708,0.00119867,0.00159172]
2;0;0;[0.9227742 ,0.07191628,0.00240781,0.00139171,0.00151006]
2;0;0;[0.88829374,0.10545723,0.00296756,0.00201631,0.00126525]
2;1;1;[5.4805877e-04,9.4638520e-01,1.6825018e-03,5.1286813e-02,9.7389879e-05]
3;1;1;[0.00080103,0.7826376 ,0.07589205,0.1391422 ,0.00152712]
4;1;1;[1.1327591e-03,8.3416057e-01,3.5133891e-02,1.2946829e-01,1.0456072e-04]
5;2;1;[1.3531818e-03,5.4954076e-01,1.4670171e-01,3.0216411e-01,2.4022415e-04]
6;0;0;[0.76855147,0.22032471,0.00425482,0.00344206,0.00342699]
2;0;0;[0.8605854 ,0.1322037 ,0.00352223,0.00242507,0.00126352]
2;0;0;[0.85691863,0.1356451 ,0.00366374,0.00265382,0.00111877]
2;0;0;[0.82955223,0.16187468,0.00425251,0.00319235,0.00112825]
2;0;0;[0.8323955 ,0.15897872,0.00443913,0.00305623,0.00113039]
2;0;0;[0.83272725,0.15865687,0.00443446,0.00306599,0.0011154 ]
2;0;0;[8.7870473e-01,1.1463132e-01,3.5905465e-03,2.3535837e-03,7.1987591e-04]
2;0;0;[8.1596053e-01,1.7474800e-01,4.9459767e-03,3.5485390e-03,7.9692958e-04]
2;1;1;[8.1397453e-04,9.5493603e-01,2.0923843e-03,4.2060964e-02,9.6669195e-05]
3;2;1;[0.00134254,0.7771271 ,0.09504938,0.12416662,0.00231431]
4;0;0;[0.66311795,0.31999135,0.00365386,0.00681841,0.00641847]
2;0;0;[9.5774078e-01,3.8639009e-02,1.7432939e-03,7.1222842e-04,1.1647779e-03]
2;0;0;[0.9054348 ,0.08783727,0.00313155,0.00132151,0.00227499]
2;0;0;[0.9251981 ,0.06939608,0.00246552,0.00128156,0.00165881]
2;0;0;[0.9269886 ,0.06778257,0.00241421,0.00125651,0.00155811]
2;0;0;[0.9375842 ,0.05797559,0.00213642,0.00108371,0.00122004]
2;0;0;[0.91879416,0.07522633,0.00254676,0.0013473 ,0.00208548]
2;1;1;[5.1520643e-04,9.4405812e-01,1.6042925e-03,5.3710155e-02,1.1215907e-04]
3;2;1;[0.00116301,0.7152712 ,0.11257067,0.1679542 ,0.00304084]
4;0;0;[0.77513087,0.20936356,0.00512958,0.00522213,0.00515382]
2;0;0;[0.85588646,0.13662766,0.00368077,0.00265168,0.00115342]
2;1;1;[2.0323938e-03,5.8943218e-01,2.4673480e-01,1.6160896e-01,1.9173769e-04]
3;2;1;[1.9001173e-03,5.9230804e-01,3.3111602e-01,7.4332356e-02,3.4345355e-04]
4;0;0;[0.92338586,0.05094656,0.00552712,0.00122308,0.01891733]
2;0;0;[9.7270250e-01,2.4539974e-02,1.3203400e-03,3.8386416e-04,1.0533506e-03]
2;1;0;[0.94185656,0.053743  ,0.00218556,0.00101978,0.00119504]
3;2;1;[9.8215870e-04,4.6762156e-01,3.0180073e-01,2.2933981e-01,2.5578096e-04]
4;1;0;[0.5251674 ,0.46090895,0.00376867,0.00850008,0.00165493]
5;1;2;[8.98621161e-04,4.24362451e-01,4.57107574e-01,1.17484935e-01,1.46454739e-04]
6;1;1;[1.13838110e-02,4.89038587e-01,3.93347770e-01,1.06130004e-01,9.98628457e-05]
7;2;2;[4.3305526e-03,3.8212979e-01,4.9010748e-01,1.2333970e-01,9.2508715e-05]
8;0;1;[0.47401106,0.51415133,0.00788252,0.00321516,0.00073994]
2;0;0;[0.9270644 ,0.06770963,0.00241247,0.00125497,0.00155859]
2;2;1;[1.1375204e-03,8.8193959e-01,5.5701196e-02,6.0917698e-02,3.0391879e-04]
3;0;0;[0.58180904,0.37895072,0.00956851,0.00295543,0.02671632]
2;3;1;[2.3690758e-03,5.7467479e-01,3.0214375e-01,1.2059887e-01,2.1350644e-04]
3;1;1;[5.0609844e-04,9.2685491e-01,2.3030769e-03,6.9957189e-02,3.7867948e-04]
4;2;1;[0.00168411,0.69875604,0.14678653,0.14493275,0.00784062]
5;0;1;[0.46237567,0.520388  ,0.00562853,0.0070863 ,0.00452152]
2;0;0;[0.8838403 ,0.10961351,0.00306031,0.00202638,0.00145945]
2;0;0;[0.8476606 ,0.14438055,0.00379493,0.00260067,0.00156324]
2;0;0;[8.6473632e-01,1.2816378e-01,3.5448810e-03,2.7049412e-03,8.5013668e-04]
