prefix_length;ground_truth;predicted;prediction_probs
2;0;0;[9.3400145e-01,6.0952887e-02,3.0015854e-03,2.0182559e-03,2.5879008e-05]
2;0;0;[9.5514482e-01,4.0949501e-02,2.5000914e-03,1.3667615e-03,3.8855454e-05]
2;0;0;[8.0545938e-01,1.8607806e-01,4.0011671e-03,4.4581150e-03,3.2193489e-06]
2;1;1;[4.5620734e-03,5.5178225e-01,3.1656697e-01,1.2683582e-01,2.5285149e-04]
3;1;1;[0.00550623,0.55191416,0.3949466 ,0.04642285,0.00121022]
4;2;1;[0.01445043,0.63192874,0.3321127 ,0.02066066,0.00084751]
5;0;0;[9.6624702e-01,3.0673254e-02,2.2963227e-03,5.3967012e-04,2.4368221e-04]
2;1;1;[3.6276150e-03,5.8101100e-01,3.0773419e-01,1.0748247e-01,1.4475705e-04]
3;2;1;[3.1236461e-03,6.3457459e-01,2.8627086e-01,7.5573936e-02,4.5697537e-04]
4;0;0;[8.9890802e-01,9.0553343e-02,6.5792641e-03,3.3077777e-03,6.5153476e-04]
2;0;0;[8.3023810e-01,1.6226642e-01,3.8248338e-03,3.6668640e-03,3.7943316e-06]
2;1;1;[1.7098928e-03,9.1648829e-01,8.4305983e-03,7.3341019e-02,3.0170046e-05]
3;1;1;[0.00319115,0.5175115 ,0.32350904,0.15443209,0.00135626]
4;1;1;[0.01741794,0.6916508 ,0.20162056,0.08854833,0.00076235]
5;1;1;[0.01151619,0.5681327 ,0.30233365,0.11734055,0.0006769 ]
6;1;1;[1.5027845e-02,6.0257572e-01,2.3168367e-01,1.5049796e-01,2.1482054e-04]
7;3;1;[1.09999655e-02,6.10045969e-01,2.16533259e-01,1.62320316e-01,1.00492703e-04]
8;1;1;[5.2952948e-03,9.4176954e-01,3.8445874e-03,4.9080677e-02,9.8803230e-06]
9;1;1;[1.1150267e-03,6.5093136e-01,1.4396492e-01,2.0391192e-01,7.6723685e-05]
10;1;1;[4.7894651e-03,7.0705718e-01,1.2533166e-01,1.6278529e-01,3.6341240e-05]
11;1;1;[3.6818357e-03,6.8402153e-01,1.4712417e-01,1.6513646e-01,3.5961344e-05]
12;3;1;[3.9748317e-03,6.9231027e-01,1.4438282e-01,1.5929738e-01,3.4713546e-05]
13;1;1;[6.6060624e-03,9.3807805e-01,5.9814984e-03,4.9333178e-02,1.1923837e-06]
14;1;1;[1.0712427e-03,6.3175064e-01,1.6295882e-01,2.0418307e-01,3.6193509e-05]
15;2;1;[3.5001175e-03,6.9949830e-01,1.3364682e-01,1.6332757e-01,2.7162623e-05]
16;0;0;[7.5844049e-01,2.3022716e-01,3.5824650e-03,7.7346498e-03,1.5257132e-05]
2;2;2;[0.00869657,0.2533446 ,0.6140301 ,0.10056008,0.02336862]
3;0;0;[9.4940203e-01,4.2403918e-02,4.9157916e-03,2.7496493e-03,5.2865286e-04]
2;0;0;[9.1298443e-01,8.1483565e-02,3.0927570e-03,2.4224331e-03,1.6780672e-05]
2;0;0;[7.9776049e-01,1.9505703e-01,4.0009576e-03,3.1787178e-03,2.7130511e-06]
2;0;0;[9.0361768e-01,9.0850532e-02,3.2363769e-03,2.2814220e-03,1.4034149e-05]
2;1;1;[4.7509824e-03,5.8290201e-01,3.3067665e-01,8.1544608e-02,1.2576196e-04]
3;1;1;[0.00347787,0.6158358 ,0.30556607,0.0744075 ,0.00071282]
4;2;1;[0.00556655,0.64717674,0.3170142 ,0.02886804,0.0013745 ]
5;0;0;[9.7522062e-01,2.0491485e-02,2.3549316e-03,7.9588231e-04,1.1369695e-03]
2;0;0;[9.7356522e-01,2.3319734e-02,2.2162921e-03,8.6371042e-04,3.5045636e-05]
2;2;1;[3.9979760e-03,5.6331569e-01,3.1464043e-01,1.1784620e-01,1.9970711e-04]
3;0;0;[9.1433477e-01,7.4976511e-02,5.8863009e-03,4.3262336e-03,4.7619443e-04]
2;1;1;[3.9807777e-03,5.6362283e-01,3.1420964e-01,1.1798643e-01,2.0028543e-04]
3;1;1;[3.6382861e-03,6.2260932e-01,3.0738169e-01,6.5841734e-02,5.2894384e-04]
4;2;1;[0.00477937,0.6629882 ,0.28036687,0.05020839,0.00165722]
5;0;0;[8.8547486e-01,1.0796286e-01,3.7963679e-03,2.4212152e-03,3.4461980e-04]
2;1;1;[2.0906245e-03,9.1176158e-01,8.1498027e-03,7.7966534e-02,3.1422671e-05]
3;3;1;[2.0118770e-03,6.6841781e-01,2.0119052e-01,1.2823506e-01,1.4479741e-04]
4;1;1;[9.4486717e-03,8.8027233e-01,5.8296970e-03,1.0441187e-01,3.7307746e-05]
5;2;1;[0.00426422,0.4717947 ,0.28891462,0.23405571,0.00097071]
6;0;0;[9.6595240e-01,3.1854853e-02,1.2297981e-03,9.4807026e-04,1.4886236e-05]
2;0;0;[9.3041772e-01,6.4360626e-02,2.9618861e-03,2.2352394e-03,2.4470692e-05]
2;2;1;[5.6410758e-03,5.8347040e-01,3.4955913e-01,6.1191052e-02,1.3831217e-04]
3;0;0;[8.5578531e-01,1.3450994e-01,5.7635200e-03,3.6798634e-03,2.6136803e-04]
2;0;0;[8.1021899e-01,1.7892641e-01,4.5616976e-03,6.2900684e-03,2.8255504e-06]
2;0;0;[7.8172624e-01,2.0748362e-01,5.1568937e-03,5.6278137e-03,5.4546404e-06]
2;0;0;[9.4624162e-01,4.9297541e-02,2.8308411e-03,1.5898113e-03,4.0211580e-05]
2;1;1;[9.4828894e-04,9.4835192e-01,6.8764780e-03,4.3806266e-02,1.7113927e-05]
3;1;1;[0.00338996,0.5762392 ,0.2772487 ,0.13865657,0.00446563]
4;3;1;[0.01574418,0.6420037 ,0.25890288,0.08059478,0.0027544 ]
5;1;1;[7.6900804e-03,9.2145103e-01,6.9606928e-03,6.3768923e-02,1.2927571e-04]
6;1;1;[3.0612350e-03,5.6069660e-01,2.1182497e-01,2.2397003e-01,4.4717250e-04]
7;1;1;[8.7488489e-03,6.3989425e-01,1.6185796e-01,1.8944463e-01,5.4329848e-05]
8;3;1;[6.0405615e-03,6.2298375e-01,1.8524706e-01,1.8568437e-01,4.4233362e-05]
9;1;1;[4.9315901e-03,9.4132590e-01,3.8925721e-03,4.9843170e-02,6.6920138e-06]
10;1;1;[1.4015349e-03,6.1781675e-01,1.7538105e-01,2.0533723e-01,6.3446074e-05]
11;2;1;[6.8836519e-03,6.6411400e-01,1.5742300e-01,1.7153467e-01,4.4759556e-05]
12;0;0;[8.3323330e-01,1.6045234e-01,2.4814724e-03,3.8239935e-03,8.8135084e-06]
2;0;0;[7.9111511e-01,1.9853339e-01,5.0160722e-03,5.3284639e-03,6.8542868e-06]
2;0;0;[7.6431745e-01,2.2568594e-01,4.9138027e-03,5.0781136e-03,4.7129852e-06]
2;1;1;[1.1677386e-03,9.3669063e-01,7.7452464e-03,5.4374151e-02,2.2249156e-05]
3;3;1;[2.5469353e-03,6.0803157e-01,2.4602692e-01,1.4291359e-01,4.8097168e-04]
4;1;1;[8.07014201e-03,8.37987185e-01,6.09786715e-03,1.47732571e-01,1.12145965e-04]
5;1;1;[0.0048715 ,0.47005588,0.31124547,0.21145804,0.00236919]
6;1;1;[2.4138393e-02,5.4208177e-01,2.1919706e-01,2.1444675e-01,1.3599862e-04]
7;2;1;[8.2071358e-03,5.1637858e-01,2.5254011e-01,2.2280425e-01,6.9908659e-05]
8;0;0;[9.5007348e-01,4.7664270e-02,1.0086456e-03,1.2414919e-03,1.2224821e-05]
2;0;0;[8.7131327e-01,1.2190860e-01,3.7230668e-03,3.0444218e-03,1.0716227e-05]
2;1;1;[1.8506168e-03,7.3271120e-01,1.1113123e-02,2.5429720e-01,2.7934551e-05]
3;2;1;[4.0190583e-03,5.9895480e-01,1.9612275e-01,2.0083360e-01,6.9786831e-05]
4;0;0;[9.5812440e-01,3.4684323e-02,3.4839786e-03,3.6009746e-03,1.0638371e-04]
2;3;1;[0.00433755,0.37674013,0.28193513,0.3365654 ,0.00042176]
3;1;1;[1.6164102e-03,8.2451975e-01,4.5406707e-03,1.6929841e-01,2.4750807e-05]
4;2;1;[2.2013173e-03,6.3830471e-01,2.1377777e-01,1.4545575e-01,2.6048801e-04]
5;0;0;[8.9802665e-01,9.5509507e-02,2.6792996e-03,3.7743882e-03,1.0178862e-05]
2;2;1;[3.8000434e-03,5.8124453e-01,3.0190009e-01,1.1291362e-01,1.4166565e-04]
3;0;0;[9.1762286e-01,7.3238574e-02,4.6222010e-03,3.9237277e-03,5.9265137e-04]
2;0;0;[8.1757653e-01,1.7439201e-01,4.1253581e-03,3.9017657e-03,4.3751593e-06]
2;0;0;[8.1329221e-01,1.7675574e-01,4.4718338e-03,5.4752026e-03,4.9088731e-06]
2;2;1;[4.1416427e-03,5.7079744e-01,3.0243203e-01,1.2246395e-01,1.6487770e-04]
3;1;0;[8.3228534e-01,1.5292194e-01,7.6120324e-03,7.0520346e-03,1.2872639e-04]
4;2;2;[0.00299627,0.24776237,0.63811666,0.10938866,0.00173606]
5;0;0;[9.1620278e-01,7.4185893e-02,6.8594567e-03,2.7099992e-03,4.1964977e-05]
2;0;0;[7.6823252e-01,2.2209333e-01,4.6510212e-03,5.0197653e-03,3.4143252e-06]
2;2;1;[9.7129252e-03,5.2253109e-01,4.2549595e-01,4.2055540e-02,2.0451148e-04]
3;0;0;[0.9552427 ,0.03782259,0.00391072,0.00203608,0.00098783]
2;0;0;[9.5225507e-01,4.3780029e-02,2.4906476e-03,1.4391914e-03,3.5097110e-05]
2;0;0;[7.7088916e-01,2.1916704e-01,4.5781168e-03,5.3630620e-03,2.6894127e-06]
2;1;1;[1.3504967e-03,9.3206412e-01,7.4702245e-03,5.9091695e-02,2.3392287e-05]
3;1;1;[1.7058818e-03,7.1373796e-01,1.6467425e-01,1.1976246e-01,1.1949110e-04]
4;3;1;[8.3916299e-03,8.1147474e-01,9.9942304e-02,8.0125339e-02,6.6114764e-05]
5;1;1;[5.5465922e-03,9.3367004e-01,4.9763019e-03,5.5791419e-02,1.5612612e-05]
6;1;1;[2.2863329e-03,5.5175024e-01,1.8945101e-01,2.5630334e-01,2.0904074e-04]
7;1;1;[9.0102563e-03,6.4320827e-01,1.3943778e-01,2.0829739e-01,4.6331465e-05]
8;1;1;[5.8060791e-03,6.1921000e-01,1.6945310e-01,2.0548549e-01,4.5266002e-05]
9;1;1;[6.5314472e-03,6.4472264e-01,1.5987872e-01,1.8882591e-01,4.1235569e-05]
10;2;1;[5.7886839e-03,6.5033424e-01,1.6215540e-01,1.8167950e-01,4.2148447e-05]
11;0;0;[8.8475156e-01,1.1089689e-01,2.2920021e-03,2.0547188e-03,4.8489046e-06]
2;3;1;[3.7232167e-03,5.7905793e-01,3.0567339e-01,1.1139799e-01,1.4744629e-04]
3;1;1;[1.4282232e-03,9.1067863e-01,5.6702918e-03,8.1892133e-02,3.3066695e-04]
4;2;1;[0.00169484,0.66023725,0.19430235,0.13778736,0.00597815]
5;0;0;[8.5405356e-01,1.3835984e-01,2.9400201e-03,4.6256338e-03,2.0914256e-05]
2;0;0;[8.89155626e-01,1.04071751e-01,3.58557352e-03,3.17626959e-03,1.06882535e-05]
2;0;0;[7.8135514e-01,2.0876469e-01,4.4349642e-03,5.4423967e-03,2.8309964e-06]
2;1;1;[1.7334272e-03,9.1467422e-01,8.6325025e-03,7.4928850e-02,3.0977200e-05]
3;2;1;[0.00416627,0.47407392,0.36624566,0.15154545,0.00396879]
4;0;0;[9.34209466e-01,5.95043264e-02,3.60070565e-03,2.57797283e-03,1.07462765e-04]
2;3;1;[5.0223363e-03,5.7450336e-01,3.3630085e-01,8.4020153e-02,1.5328462e-04]
3;1;1;[1.7208887e-03,8.9209551e-01,7.1896794e-03,9.8292567e-02,7.0136727e-04]
4;3;1;[0.00239522,0.6089027 ,0.22895193,0.13421361,0.02553654]
5;1;1;[5.9039900e-03,9.2555994e-01,4.8692338e-03,6.3586324e-02,8.0465659e-05]
6;1;1;[1.8834893e-03,5.7850754e-01,1.7941864e-01,2.3978396e-01,4.0642091e-04]
7;2;1;[6.3674762e-03,6.6616571e-01,1.3164382e-01,1.9576894e-01,5.3990869e-05]
8;0;0;[9.3744850e-01,5.9705753e-02,1.5707392e-03,1.2669502e-03,8.0558511e-06]
2;1;1;[1.6523022e-03,9.2234433e-01,7.7869911e-03,6.8189137e-02,2.7240843e-05]
3;1;1;[1.8510417e-03,6.8937403e-01,1.8310213e-01,1.2554023e-01,1.3253480e-04]
4;1;1;[8.7083979e-03,8.0761111e-01,9.9989496e-02,8.3629668e-02,6.1373161e-05]
5;2;1;[1.1770168e-02,5.0020188e-01,4.0817058e-01,7.9673976e-02,1.8336903e-04]
6;0;0;[9.6850854e-01,2.9778907e-02,6.8800017e-04,1.0039045e-03,2.0637772e-05]
2;0;0;[8.0578345e-01,1.8453993e-01,4.1973270e-03,5.4760645e-03,3.1281832e-06]
2;0;0;[8.1206810e-01,1.7818293e-01,4.1528107e-03,5.5929064e-03,3.2304617e-06]
2;0;0;[9.1597861e-01,7.8064084e-02,3.1711059e-03,2.7685238e-03,1.7658060e-05]
2;1;1;[2.1619613e-03,9.0054244e-01,9.2102773e-03,8.8048249e-02,3.7015783e-05]
3;1;1;[0.00285678,0.5756502 ,0.26447356,0.156375  ,0.00064441]
4;1;1;[1.3938953e-02,7.0809352e-01,1.9215511e-01,8.5249826e-02,5.6262821e-04]
5;2;1;[8.3196349e-03,6.1698294e-01,2.5217599e-01,1.2209294e-01,4.2850489e-04]
6;0;0;[9.2558771e-01,7.0633449e-02,1.4398074e-03,2.3221786e-03,1.6892378e-05]
2;2;1;[3.6276092e-03,5.7964504e-01,3.1046489e-01,1.0611152e-01,1.5091260e-04]
3;0;0;[7.8661907e-01,2.0259915e-01,5.8661853e-03,4.8746890e-03,4.0895273e-05]
2;2;1;[3.6718212e-03,5.7718915e-01,3.1119600e-01,1.0778568e-01,1.5733784e-04]
3;0;0;[8.9838153e-01,9.0464927e-02,6.3896328e-03,4.4550407e-03,3.0888931e-04]
2;2;1;[3.7070343e-03,5.7533956e-01,3.1172478e-01,1.0906621e-01,1.6237091e-04]
3;0;0;[7.9357481e-01,1.9516055e-01,6.0369540e-03,5.1839841e-03,4.3578711e-05]
2;0;0;[8.1729925e-01,1.7556079e-01,3.6630291e-03,3.4737349e-03,3.2221114e-06]
2;0;0;[8.1483817e-01,1.7636028e-01,4.0602749e-03,4.7385301e-03,2.8163688e-06]
2;1;1;[4.3859608e-03,5.5242598e-01,3.2115698e-01,1.2178089e-01,2.5016500e-04]
3;2;2;[0.01088918,0.36685666,0.5903421 ,0.03038902,0.00152304]
4;0;0;[9.7046858e-01,2.5130067e-02,2.8427779e-03,8.1566384e-04,7.4298878e-04]
2;1;1;[2.5744098e-03,9.0854907e-01,7.7983369e-03,8.1046715e-02,3.1480886e-05]
3;2;1;[2.04981444e-03,6.78030670e-01,1.98357657e-01,1.21432334e-01,1.29602427e-04]
4;0;0;[9.8134536e-01,1.5110618e-02,2.4235717e-03,1.0618749e-03,5.8523296e-05]
2;1;1;[3.4178649e-03,8.7204152e-01,1.0232739e-02,1.1425679e-01,5.1009811e-05]
3;1;1;[3.2024472e-03,5.4941666e-01,2.8616568e-01,1.6091166e-01,3.0355036e-04]
4;2;1;[9.6876267e-03,7.8054321e-01,1.1896786e-01,9.0736620e-02,6.4668449e-05]
5;1;0;[8.4028447e-01,1.5312240e-01,3.1096174e-03,3.4757762e-03,7.6831320e-06]
6;2;2;[0.00291471,0.20087701,0.5981026 ,0.19599096,0.00211466]
7;0;0;[9.5774537e-01,3.9408486e-02,1.5682384e-03,1.2663928e-03,1.1530549e-05]
2;1;1;[1.1550558e-03,9.3818474e-01,8.0025634e-03,5.2635521e-02,2.2182337e-05]
3;3;1;[1.8900267e-03,7.0074034e-01,1.7033187e-01,1.2683754e-01,2.0019160e-04]
4;1;1;[2.5048538e-03,8.6773694e-01,3.2860655e-03,1.2644790e-01,2.4263223e-05]
5;3;1;[0.00366538,0.57441664,0.22599776,0.19444405,0.00147622]
6;1;1;[6.5559326e-03,9.2212903e-01,4.9915663e-03,6.6305652e-02,1.7830587e-05]
7;1;1;[1.9764078e-03,4.9921909e-01,2.2377096e-01,2.7485967e-01,1.7383642e-04]
8;2;1;[1.0727752e-02,5.8697021e-01,1.8703115e-01,2.1522522e-01,4.5679200e-05]
9;0;0;[8.9856791e-01,9.6390516e-02,1.8813884e-03,3.1456093e-03,1.4451026e-05]
2;0;0;[9.6318161e-01,3.3276912e-02,2.4501097e-03,1.0453487e-03,4.5880908e-05]
2;1;1;[9.8110177e-04,9.4537592e-01,7.3514562e-03,4.6272710e-02,1.8704566e-05]
3;3;1;[1.66309462e-03,7.31534183e-01,1.50792807e-01,1.15859136e-01,1.50777647e-04]
4;1;1;[1.8288818e-03,8.7699896e-01,2.8757195e-03,1.1827943e-01,1.7065498e-05]
5;3;1;[0.00426316,0.56112415,0.24633202,0.18662424,0.00165645]
6;1;1;[1.0277370e-02,9.1719085e-01,5.3114323e-03,6.7192256e-02,2.8114162e-05]
7;1;1;[2.4516075e-03,4.7730827e-01,2.4327996e-01,2.7671713e-01,2.4292881e-04]
8;3;1;[1.1902473e-02,5.9928131e-01,1.8135346e-01,2.0739402e-01,6.8738140e-05]
9;1;1;[5.3401669e-03,9.2956835e-01,5.1056603e-03,5.9977517e-02,8.3015148e-06]
10;3;1;[1.9469723e-03,5.6350601e-01,2.1207193e-01,2.2239217e-01,8.2884762e-05]
11;1;1;[6.5420838e-03,9.2902654e-01,5.0209621e-03,5.9401330e-02,9.0294170e-06]
12;1;1;[1.7862001e-03,5.6602156e-01,2.2100167e-01,2.1111639e-01,7.4218427e-05]
13;2;1;[9.0610534e-03,6.1948264e-01,1.9117549e-01,1.8022403e-01,5.6714358e-05]
14;0;0;[7.2692966e-01,2.5978330e-01,4.2787082e-03,8.9903511e-03,1.7934077e-05]
2;2;1;[3.4990199e-03,6.0745400e-01,2.9605907e-01,9.2894733e-02,9.3118011e-05]
3;0;0;[7.8102279e-01,2.0542927e-01,7.3358086e-03,6.1331773e-03,7.8956473e-05]
2;0;0;[7.8747267e-01,2.0215514e-01,5.0523030e-03,5.3130155e-03,6.8730533e-06]
2;0;0;[7.7718842e-01,2.1264195e-01,4.6671364e-03,5.4987273e-03,3.7252275e-06]
2;0;0;[8.2515895e-01,1.6585435e-01,4.2260038e-03,4.7554430e-03,5.2598330e-06]
2;2;2;[0.00962468,0.26782507,0.5868774 ,0.11899828,0.01667459]
3;0;0;[9.4020617e-01,4.9637865e-02,5.9054880e-03,3.8088027e-03,4.4165252e-04]
2;3;1;[3.5212734e-03,5.9808612e-01,3.0145955e-01,9.6828260e-02,1.0480243e-04]
3;1;1;[1.9435347e-03,8.8973242e-01,6.4704283e-03,1.0119491e-01,6.5874733e-04]
4;1;1;[0.00229096,0.58690494,0.23697092,0.14846538,0.02536782]
5;3;1;[0.01602135,0.6999235 ,0.15284361,0.13014272,0.00106887]
6;1;1;[7.537807e-03,9.323168e-01,4.675345e-03,5.543309e-02,3.704922e-05]
7;2;1;[1.7699020e-03,5.9020174e-01,1.6875841e-01,2.3910026e-01,1.6971931e-04]
8;0;0;[7.8979552e-01,2.0029928e-01,2.4535616e-03,7.4270451e-03,2.4619472e-05]
2;1;1;[1.1595427e-03,9.3730897e-01,7.6580057e-03,5.3851556e-02,2.1946493e-05]
3;2;1;[0.00544257,0.45845154,0.40531385,0.12060874,0.01018327]
4;0;0;[9.6336967e-01,3.1696826e-02,3.1075596e-03,1.5468413e-03,2.7904403e-04]
2;0;0;[9.6590668e-01,3.0622097e-02,2.3475706e-03,1.0785157e-03,4.4983986e-05]
2;0;0;[7.8085154e-01,2.0884073e-01,4.6436754e-03,5.6613991e-03,2.7293615e-06]
2;1;1;[1.3557882e-03,9.3158740e-01,7.5310045e-03,5.9502218e-02,2.3649920e-05]
3;1;1;[0.00292067,0.5481847 ,0.29931352,0.14812982,0.00145126]
4;3;1;[0.0184393 ,0.6917637 ,0.1967    ,0.09229878,0.00079819]
5;1;1;[1.2932922e-02,9.1522485e-01,7.0814812e-03,6.4680241e-02,8.0550606e-05]
6;3;1;[3.2910462e-03,5.1754695e-01,2.3482938e-01,2.4392089e-01,4.1169926e-04]
7;1;1;[7.0864274e-03,9.3000048e-01,4.2328979e-03,5.8670726e-02,9.4235702e-06]
8;3;1;[2.1738813e-03,5.2647060e-01,2.1591298e-01,2.5532192e-01,1.2065589e-04]
9;1;1;[6.4870892e-03,9.2917156e-01,4.1996907e-03,6.0132988e-02,8.6083301e-06]
10;1;1;[1.3870639e-03,5.8400363e-01,1.9437915e-01,2.2014251e-01,8.7643901e-05]
11;3;1;[7.2019589e-03,6.4949930e-01,1.6470167e-01,1.7854732e-01,4.9676546e-05]
12;1;1;[4.7129486e-03,9.3206722e-01,5.0598634e-03,5.8154453e-02,5.4265129e-06]
13;1;1;[1.4687218e-03,6.1325777e-01,1.8666291e-01,1.9855367e-01,5.6974302e-05]
14;3;1;[6.2014926e-03,6.5301418e-01,1.6993274e-01,1.7080662e-01,4.4969132e-05]
15;1;1;[8.3128531e-03,9.2216820e-01,6.4410013e-03,6.3070342e-02,7.6171937e-06]
16;1;1;[1.7009568e-03,5.9683555e-01,2.0542423e-01,1.9596463e-01,7.4618387e-05]
17;1;1;[6.7355833e-03,6.3837159e-01,1.7934382e-01,1.7549424e-01,5.4732835e-05]
18;2;1;[5.3801592e-03,6.0632378e-01,2.1256237e-01,1.7568229e-01,5.1383828e-05]
19;0;0;[7.4806130e-01,2.3832481e-01,4.8256037e-03,8.7631876e-03,2.5150326e-05]
2;1;1;[3.9121341e-03,5.7143462e-01,3.0564046e-01,1.1884376e-01,1.6901427e-04]
3;2;1;[0.00397025,0.6118106 ,0.3163681 ,0.06713805,0.0007129 ]
4;1;0;[8.8548505e-01,1.0556062e-01,5.5467165e-03,3.0810684e-03,3.2663954e-04]
5;2;2;[0.00351112,0.18681782,0.66815674,0.1251348 ,0.01637945]
6;0;0;[9.6632063e-01,2.9133487e-02,3.1009864e-03,1.2605510e-03,1.8440202e-04]
2;1;1;[1.8823468e-03,9.0373945e-01,9.8040579e-03,8.4539428e-02,3.4831355e-05]
3;2;1;[2.8759472e-03,5.8718520e-01,2.5133324e-01,1.5833895e-01,2.6662400e-04]
4;0;0;[7.87616372e-01,2.01415777e-01,5.65851759e-03,5.29804220e-03,1.13932165e-05]
2;1;1;[1.7844626e-03,9.1042495e-01,9.0885432e-03,7.8669235e-02,3.2737713e-05]
3;1;1;[2.6882826e-03,5.9833354e-01,2.4885264e-01,1.4984582e-01,2.7967701e-04]
4;1;1;[1.0307102e-02,7.8116441e-01,1.2710695e-01,8.1299849e-02,1.2174699e-04]
5;1;1;[5.7833754e-03,6.7068183e-01,1.9790992e-01,1.2543872e-01,1.8609433e-04]
6;2;1;[1.16245635e-02,6.63106143e-01,1.72080383e-01,1.53120607e-01,6.83235921e-05]
7;0;0;[9.6789217e-01,3.0215465e-02,9.7861874e-04,9.0324430e-04,1.0506654e-05]
2;0;0;[9.2281580e-01,7.1830451e-02,3.2764694e-03,2.0553742e-03,2.1843629e-05]
2;0;0;[8.4162325e-01,1.5045193e-01,4.2774160e-03,3.6422445e-03,5.1662319e-06]
2;1;1;[3.2903883e-03,6.0374761e-01,3.0188113e-01,9.0980425e-02,1.0047322e-04]
3;1;1;[3.6115758e-03,5.7833982e-01,3.5639974e-01,6.1079100e-02,5.6971482e-04]
4;2;1;[0.00377811,0.64551854,0.30463287,0.0442972 ,0.00177333]
5;0;0;[9.3596011e-01,5.8172807e-02,3.5940621e-03,1.4013737e-03,8.7159779e-04]
2;0;0;[7.7884096e-01,2.1152551e-01,4.4748345e-03,5.1561571e-03,2.4739497e-06]
2;0;0;[7.8200549e-01,2.0834906e-01,4.4419034e-03,5.2010044e-03,2.5140735e-06]
2;0;0;[8.2932931e-01,1.6310196e-01,3.6578549e-03,3.9067143e-03,4.1656990e-06]
2;0;0;[7.8604776e-01,2.0404495e-01,4.5250230e-03,5.3797537e-03,2.4580615e-06]
2;2;1;[3.1716798e-03,6.5696055e-01,2.7684900e-01,6.2973231e-02,4.5499379e-05]
3;0;0;[7.1299094e-01,2.7502897e-01,7.5754086e-03,4.3446608e-03,5.9999096e-05]
2;0;0;[6.9527131e-01,2.9377753e-01,5.9025139e-03,5.0402782e-03,8.4089916e-06]
2;0;0;[9.4583321e-01,4.9651582e-02,2.9193354e-03,1.5540920e-03,4.1763622e-05]
2;0;0;[9.4536114e-01,5.0167710e-02,2.8630735e-03,1.5672634e-03,4.0913932e-05]
2;0;0;[9.4538224e-01,5.0147209e-02,2.8617044e-03,1.5679635e-03,4.0889103e-05]
2;1;1;[3.5151250e-03,6.0604089e-01,2.9630825e-01,9.4040528e-02,9.5220203e-05]
3;3;1;[3.1361836e-03,6.5882874e-01,2.5532013e-01,8.2364134e-02,3.5075971e-04]
4;1;1;[0.0021771 ,0.86623394,0.00791953,0.12234348,0.0013259 ]
5;2;1;[0.00227581,0.6758467 ,0.1287718 ,0.18822283,0.00488288]
6;0;0;[7.6000237e-01,2.2792581e-01,3.0379600e-03,9.0026166e-03,3.1237167e-05]
2;1;1;[1.1589627e-03,9.4329244e-01,7.5760912e-03,4.7944877e-02,2.7566170e-05]
3;2;1;[0.00211247,0.68287015,0.18473619,0.12950765,0.00077354]
4;0;0;[8.543473e-01,1.346025e-01,5.956924e-03,5.023229e-03,7.011802e-05]
2;1;1;[1.1554955e-03,9.4348657e-01,7.5407475e-03,4.7789559e-02,2.7505821e-05]
3;3;1;[0.00206348,0.6835158 ,0.1827452 ,0.13086773,0.00080772]
4;1;1;[2.6578731e-03,8.4710097e-01,4.0881126e-03,1.4607981e-01,7.3170915e-05]
5;2;1;[0.00493164,0.5545452 ,0.24665754,0.19100861,0.00285699]
6;0;0;[9.2658627e-01,6.8108186e-02,2.0380681e-03,3.2366691e-03,3.0811316e-05]
2;1;1;[1.1509144e-03,9.4375926e-01,7.4913180e-03,4.7571052e-02,2.7410006e-05]
3;2;1;[0.00207943,0.68429196,0.18371516,0.12914085,0.00077262]
4;0;0;[9.3508601e-01,5.7330664e-02,4.2099301e-03,3.0631323e-03,3.1033417e-04]
2;2;1;[3.7174181e-03,5.9214664e-01,3.0447739e-01,9.9540882e-02,1.1769246e-04]
3;0;0;[8.0428135e-01,1.8229014e-01,7.3696193e-03,5.9461729e-03,1.1267858e-04]
2;0;0;[8.0071199e-01,1.8915175e-01,4.6975729e-03,5.4332265e-03,5.4788802e-06]
2;1;1;[1.1279518e-03,9.4505769e-01,7.2575882e-03,4.6529975e-02,2.6761925e-05]
3;2;1;[0.00200675,0.68739456,0.18185464,0.12797862,0.00076546]
4;0;0;[9.3825901e-01,5.4524831e-02,4.0284074e-03,2.8921517e-03,2.9564073e-04]
2;2;1;[3.2608961e-03,6.1939746e-01,2.9430160e-01,8.2963750e-02,7.6242708e-05]
3;0;0;[8.7896460e-01,1.1187422e-01,5.2715372e-03,3.6617115e-03,2.2789606e-04]
2;3;1;[0.00444174,0.37291336,0.286359  ,0.33584914,0.00043673]
3;1;1;[1.7329559e-03,8.2506824e-01,4.6457425e-03,1.6852891e-01,2.4185880e-05]
4;1;1;[2.2063572e-03,6.2668145e-01,2.2065866e-01,1.5014067e-01,3.1286190e-04]
5;3;1;[2.2798896e-02,6.1791956e-01,1.9208083e-01,1.6705361e-01,1.4712827e-04]
6;1;1;[9.7075403e-03,9.1235185e-01,6.4854836e-03,7.1437009e-02,1.8109247e-05]
7;3;1;[2.7932245e-03,4.7124815e-01,2.5213543e-01,2.7364868e-01,1.7452866e-04]
8;1;1;[9.585103e-03,9.150837e-01,5.517258e-03,6.980445e-02,9.464658e-06]
9;3;1;[1.9687146e-03,5.0816190e-01,2.4316929e-01,2.4659261e-01,1.0744519e-04]
10;1;1;[9.5795263e-03,9.1674501e-01,5.7678404e-03,6.7898646e-02,8.9904388e-06]
11;2;1;[2.8022795e-03,4.9550474e-01,2.7344146e-01,2.2817396e-01,7.7541132e-05]
12;0;0;[7.8114974e-01,2.0743248e-01,3.4419724e-03,7.9570645e-03,1.8681056e-05]
2;2;1;[0.00431747,0.3753557 ,0.28624788,0.33366492,0.000414  ]
3;0;0;[6.1430728e-01,3.6202306e-01,7.8072743e-03,1.5856126e-02,6.1991072e-06]
2;2;2;[1.9070467e-02,4.3687761e-01,5.1706535e-01,2.6711592e-02,2.7501897e-04]
3;0;0;[9.5059615e-01,4.2339634e-02,4.3992484e-03,2.0315705e-03,6.3345273e-04]
2;1;1;[1.1199152e-03,9.4082963e-01,7.1562966e-03,5.0874129e-02,2.0035235e-05]
3;2;1;[1.7261335e-03,7.1370435e-01,1.6535750e-01,1.1905708e-01,1.5503795e-04]
4;0;0;[8.0464780e-01,1.8485276e-01,5.3462111e-03,5.1413146e-03,1.1878768e-05]
2;2;1;[4.2241132e-03,5.6465697e-01,3.2229477e-01,1.0863747e-01,1.8664829e-04]
3;0;0;[8.9703852e-01,9.2460617e-02,5.6185364e-03,4.4346019e-03,4.4777876e-04]
2;3;1;[1.0992340e-03,9.4386947e-01,6.7135887e-03,4.8299596e-02,1.8093468e-05]
3;1;1;[9.9928502e-04,7.4600321e-01,1.3606785e-02,2.3926273e-01,1.2789066e-04]
4;3;1;[3.6348917e-03,6.7585808e-01,1.5587424e-01,1.6428681e-01,3.4596157e-04]
5;1;1;[6.3420683e-03,9.1558331e-01,6.0067521e-03,7.2040752e-02,2.7206919e-05]
6;1;1;[2.5606453e-03,4.7186115e-01,2.4128032e-01,2.8404239e-01,2.5550617e-04]
7;3;1;[1.8379394e-02,5.5519956e-01,2.3035760e-01,1.9600745e-01,5.5987319e-05]
8;1;1;[6.1706924e-03,9.2164105e-01,5.0951052e-03,6.7082688e-02,1.0449053e-05]
9;3;1;[1.9111515e-03,5.3819358e-01,2.1941556e-01,2.4037732e-01,1.0237889e-04]
10;1;1;[4.9781939e-03,9.2729294e-01,4.8566102e-03,6.2865540e-02,6.7663045e-06]
11;3;1;[1.4185425e-03,5.8081090e-01,2.1006125e-01,2.0763245e-01,7.6831653e-05]
12;1;1;[5.5769803e-03,9.3002266e-01,5.1378482e-03,5.9254877e-02,7.6804317e-06]
13;1;1;[1.4492389e-03,5.8740807e-01,2.1639530e-01,1.9466853e-01,7.8893914e-05]
14;1;1;[5.1136790e-03,6.3714463e-01,1.8800566e-01,1.6968857e-01,4.7478745e-05]
15;3;1;[4.4666990e-03,6.0537291e-01,2.2055645e-01,1.6955197e-01,5.1946168e-05]
16;1;1;[1.0396843e-02,9.1759431e-01,8.3367266e-03,6.3663617e-02,8.5707061e-06]
17;2;1;[1.9588084e-03,5.6840718e-01,2.3288003e-01,1.9667837e-01,7.5703785e-05]
18;0;0;[8.5156798e-01,1.3968438e-01,3.3232032e-03,5.3998455e-03,2.4596029e-05]
2;1;2;[1.1650706e-02,4.7443870e-01,4.8633096e-01,2.7377633e-02,2.0203352e-04]
3;2;2;[0.00500867,0.45225638,0.49658543,0.04306205,0.00308753]
4;0;0;[9.4073802e-01,5.3024165e-02,4.1851965e-03,1.2039124e-03,8.4869406e-04]
2;1;1;[1.3443499e-03,9.3461561e-01,8.1213042e-03,5.5883992e-02,3.4763863e-05]
3;2;1;[0.00369301,0.55125016,0.29573634,0.1453872 ,0.0039333 ]
4;0;0;[9.29484725e-01,6.34185448e-02,4.23001777e-03,2.75131012e-03,1.15360264e-04]
2;1;1;[1.3386387e-03,9.3490028e-01,8.0747651e-03,5.5651620e-02,3.4625336e-05]
3;2;2;[0.00615367,0.32535157,0.54566324,0.06368754,0.05914395]
4;0;0;[9.7541338e-01,2.0007418e-02,3.0202619e-03,7.7202724e-04,7.8689086e-04]
2;0;0;[7.9198569e-01,1.9809747e-01,4.6301726e-03,5.2839844e-03,2.7118872e-06]
2;0;0;[9.4513416e-01,5.0477408e-02,2.6888915e-03,1.6661906e-03,3.3306100e-05]
2;2;1;[0.00433629,0.3648966 ,0.2894259 ,0.3409496 ,0.00039165]
3;0;0;[6.1937624e-01,3.5774535e-01,7.5898562e-03,1.5283705e-02,4.8292554e-06]
2;1;1;[1.7941223e-03,9.0979415e-01,9.1589969e-03,7.9219773e-02,3.2968161e-05]
3;3;1;[2.4758170e-03,6.2024009e-01,2.2304106e-01,1.5401918e-01,2.2384927e-04]
4;1;1;[3.9673499e-03,8.4680277e-01,4.4004209e-03,1.4478548e-01,4.4056487e-05]
5;1;1;[0.00433743,0.5173823 ,0.27784202,0.19851439,0.00192379]
6;2;1;[4.0315669e-02,5.3332639e-01,2.6626325e-01,1.5993780e-01,1.5683871e-04]
7;0;0;[9.7176772e-01,2.6626453e-02,6.9089566e-04,8.9264306e-04,2.2274879e-05]
2;3;1;[3.4823727e-03,5.9028023e-01,3.0539495e-01,1.0071863e-01,1.2375759e-04]
3;1;1;[1.5951452e-03,9.0598994e-01,6.4993408e-03,8.5446753e-02,4.6869574e-04]
4;1;1;[0.00171752,0.650146  ,0.21005274,0.132304  ,0.00577963]
5;2;1;[1.9789996e-02,6.8064547e-01,1.8739441e-01,1.1155201e-01,6.1811885e-04]
6;0;0;[9.3646049e-01,6.0280122e-02,1.3075107e-03,1.9136030e-03,3.8275488e-05]
2;1;1;[1.7377109e-03,9.1417980e-01,8.6837960e-03,7.5367585e-02,3.1202926e-05]
3;1;1;[0.0028647 ,0.5884501 ,0.25830162,0.14964716,0.00073641]
4;1;1;[1.4765844e-02,7.0721442e-01,1.9114211e-01,8.6295784e-02,5.8190647e-04]
5;1;1;[8.4173894e-03,6.2463403e-01,2.4237880e-01,1.2425952e-01,3.1028604e-04]
6;2;1;[8.2149561e-03,6.7370516e-01,1.6648526e-01,1.5154019e-01,5.4490538e-05]
7;0;0;[8.76252532e-01,1.18088625e-01,1.70722732e-03,3.93739808e-03,1.41689561e-05]
2;0;0;[7.7511692e-01,2.1532784e-01,4.4875769e-03,5.0649061e-03,2.7646483e-06]
2;1;1;[1.6377026e-03,9.2433500e-01,7.5668744e-03,6.6434309e-02,2.6145613e-05]
3;1;2;[0.00706902,0.3496062 ,0.5472172 ,0.08213995,0.01396764]
4;1;2;[0.07024997,0.4329013 ,0.4603026 ,0.03425154,0.00229455]
5;2;2;[0.05164739,0.42736208,0.45576003,0.06339407,0.00183641]
6;0;0;[9.8190987e-01,1.5692085e-02,1.6138616e-03,5.9649593e-04,1.8780805e-04]
2;3;1;[1.6484006e-03,9.2297167e-01,7.7184960e-03,6.7634530e-02,2.6894913e-05]
3;1;1;[1.0086794e-03,6.8526781e-01,1.4043323e-02,2.9955360e-01,1.2651112e-04]
4;3;1;[0.00900817,0.61744916,0.25370276,0.1186474 ,0.0011925 ]
5;1;1;[1.4571622e-02,8.9307606e-01,7.7283275e-03,8.4551752e-02,7.2301285e-05]
6;2;1;[3.5065468e-03,5.0122237e-01,2.4262126e-01,2.5230804e-01,3.4176966e-04]
7;0;0;[9.0482032e-01,8.8952705e-02,2.0308068e-03,4.1714241e-03,2.4855493e-05]
2;0;0;[7.8149939e-01,2.0885761e-01,4.4469652e-03,5.1935352e-03,2.5077068e-06]
2;0;0;[7.9347008e-01,1.9681002e-01,4.3316106e-03,5.3856019e-03,2.6697476e-06]
2;0;0;[9.6933043e-01,2.7424760e-02,2.1529668e-03,1.0491696e-03,4.2787033e-05]
2;2;1;[1.0126716e-02,4.9717635e-01,4.6299854e-01,2.9511748e-02,1.8661181e-04]
3;0;0;[9.4708109e-01,4.6329644e-02,4.1315150e-03,1.8075841e-03,6.5007398e-04]
2;0;0;[7.6947117e-01,2.2166044e-01,4.6238862e-03,4.2399587e-03,4.5248394e-06]
2;0;0;[9.4604290e-01,4.9865175e-02,2.6378613e-03,1.4083246e-03,4.5645884e-05]
2;0;0;[9.5694065e-01,3.9271265e-02,2.4908616e-03,1.2461358e-03,5.0973205e-05]
2;2;2;[1.7511306e-02,4.4222802e-01,5.1440603e-01,2.5585055e-02,2.6956541e-04]
3;0;0;[9.5105475e-01,4.2859092e-02,3.7669127e-03,1.8107262e-03,5.0842995e-04]
2;2;1;[3.5333699e-03,6.0798299e-01,2.9761162e-01,9.0782471e-02,8.9589652e-05]
3;0;0;[8.0572814e-01,1.8049653e-01,7.8609269e-03,5.8067134e-03,1.0767364e-04]
2;0;0;[8.4085959e-01,1.5149450e-01,4.1792388e-03,3.4568016e-03,9.8298133e-06]
2;0;0;[9.3348259e-01,6.1458379e-02,3.0840933e-03,1.9436586e-03,3.1234933e-05]
2;2;1;[4.4290060e-03,5.7050180e-01,3.2926333e-01,9.5653996e-02,1.5184071e-04]
3;0;0;[8.0508697e-01,1.8290880e-01,6.4008664e-03,5.5393213e-03,6.4010703e-05]
2;0;0;[9.3530744e-01,6.0122304e-02,2.8036283e-03,1.7324827e-03,3.4165998e-05]
2;0;0;[9.2161620e-01,7.2534807e-02,3.2104354e-03,2.6161410e-03,2.2433276e-05]
2;3;1;[3.7883667e-03,5.8968651e-01,2.9727837e-01,1.0912277e-01,1.2395564e-04]
3;3;1;[1.1649082e-03,9.1649157e-01,5.1526036e-03,7.6971307e-02,2.1961219e-04]
4;1;1;[1.6663006e-03,6.9984621e-01,1.3243637e-02,2.8470212e-01,5.4166530e-04]
5;3;1;[0.00365428,0.6835164 ,0.12214601,0.18964718,0.00103611]
6;1;1;[3.9323554e-03,9.3353957e-01,3.8649566e-03,5.8650095e-02,1.3090630e-05]
7;3;1;[1.6257340e-03,5.5730724e-01,1.7705047e-01,2.6389447e-01,1.2201369e-04]
8;1;1;[4.1135284e-03,9.3422127e-01,3.5450058e-03,5.8114216e-02,5.9633344e-06]
9;1;1;[9.6633646e-04,6.2112617e-01,1.5528865e-01,2.2255217e-01,6.6744906e-05]
10;1;1;[5.1274099e-03,6.7808741e-01,1.3614638e-01,1.8060024e-01,3.8592869e-05]
11;1;1;[6.4375433e-03,6.0248774e-01,2.2031817e-01,1.7071909e-01,3.7406742e-05]
12;2;1;[4.1225892e-03,6.8231189e-01,1.5062885e-01,1.6289794e-01,3.8624843e-05]
13;0;0;[7.8192377e-01,2.0922625e-01,2.8609573e-03,5.9712771e-03,1.7751750e-05]
2;2;1;[3.4006648e-03,6.0724640e-01,2.9880950e-01,9.0452313e-02,9.1144218e-05]
3;0;0;[7.8439528e-01,2.0312585e-01,7.0754881e-03,5.3178547e-03,8.5438442e-05]
2;1;1;[1.1778973e-03,9.3594694e-01,7.8497175e-03,5.5002846e-02,2.2600179e-05]
3;1;1;[1.8499329e-03,7.0530671e-01,1.6643636e-01,1.2624981e-01,1.5726889e-04]
4;3;1;[7.7833808e-03,8.1064910e-01,1.0804428e-01,7.3429883e-02,9.3398419e-05]
5;1;1;[5.8187484e-03,9.2124742e-01,7.5593158e-03,6.5349974e-02,2.4643970e-05]
6;2;1;[2.4319738e-03,5.8663356e-01,1.7152201e-01,2.3917820e-01,2.3428646e-04]
7;0;0;[8.7367046e-01,1.1940714e-01,1.9986758e-03,4.9029342e-03,2.0795231e-05]
2;0;0;[8.2549304e-01,1.6568796e-01,4.4086454e-03,4.4041178e-03,6.1986289e-06]
2;0;0;[8.9872903e-01,9.4736904e-02,3.8248247e-03,2.6925586e-03,1.6660619e-05]
2;0;0;[9.3186194e-01,6.3100278e-02,3.0680422e-03,1.9415714e-03,2.8181563e-05]
2;0;0;[7.9230589e-01,1.9902307e-01,4.2362972e-03,4.4313911e-03,3.3970236e-06]
2;1;1;[1.0960227e-03,9.4474912e-01,6.5833079e-03,4.7554102e-02,1.7471901e-05]
3;2;1;[0.00529847,0.51463246,0.34713218,0.12173204,0.01120492]
4;0;0;[9.6904457e-01,2.6401293e-02,3.0090364e-03,1.2306937e-03,3.1436438e-04]
2;1;1;[1.1052648e-03,9.4532913e-01,6.4927912e-03,4.7055695e-02,1.6961443e-05]
3;3;1;[0.00241913,0.60151154,0.25384837,0.14100298,0.00121793]
4;1;1;[9.39327385e-03,8.63730550e-01,7.47290393e-03,1.19278446e-01,1.24771017e-04]
5;1;1;[0.00485318,0.48408118,0.29198074,0.21789065,0.00119431]
6;2;1;[2.6171682e-02,5.3841174e-01,2.1910496e-01,2.1619068e-01,1.2096991e-04]
7;0;0;[9.5581120e-01,4.1784558e-02,1.0815525e-03,1.3083034e-03,1.4490108e-05]
2;0;0;[7.5495231e-01,2.3508109e-01,4.7516306e-03,5.2124253e-03,2.5396159e-06]
2;0;0;[7.7890432e-01,2.1144620e-01,4.5420257e-03,5.1040151e-03,3.4678876e-06]
2;1;1;[3.61570041e-03,5.86474061e-01,3.05840135e-01,1.03942975e-01,1.27085324e-04]
3;1;1;[3.0635993e-03,6.3998032e-01,2.7566990e-01,8.0832705e-02,4.5348192e-04]
4;2;1;[0.0070727 ,0.6014092 ,0.36684936,0.02378741,0.00088133]
5;0;0;[9.6262825e-01,3.3932921e-02,2.3902014e-03,7.1384024e-04,3.3482653e-04]
2;0;0;[8.1407177e-01,1.7864138e-01,3.8803052e-03,3.4021658e-03,4.4392937e-06]
2;0;0;[8.0144346e-01,1.8882345e-01,4.3563168e-03,5.3731399e-03,3.6546965e-06]
2;0;0;[7.6685452e-01,2.2217438e-01,5.0691329e-03,5.8997292e-03,2.1731466e-06]
2;0;0;[9.5242065e-01,4.3395933e-02,2.7853113e-03,1.3647428e-03,3.3365835e-05]
2;0;0;[7.7915472e-01,2.1122244e-01,4.4774888e-03,5.1424946e-03,2.7813994e-06]
2;1;1;[1.6974350e-03,9.1794163e-01,8.2756560e-03,7.2055802e-02,2.9461589e-05]
3;1;1;[2.0313063e-03,6.6796714e-01,1.9516377e-01,1.3467807e-01,1.5975359e-04]
4;3;1;[8.5645663e-03,8.0578214e-01,1.0601705e-01,7.9564027e-02,7.2128103e-05]
5;1;1;[5.9997770e-03,9.3329275e-01,6.0323910e-03,5.4657850e-02,1.7267059e-05]
6;2;1;[2.5069315e-03,5.4439455e-01,1.9513896e-01,2.5777730e-01,1.8229896e-04]
7;0;0;[8.3977968e-01,1.5125468e-01,2.3761282e-03,6.5724892e-03,1.6996293e-05]
2;1;1;[5.3453953e-03,5.6625956e-01,3.4862310e-01,7.9590358e-02,1.8162362e-04]
3;1;1;[0.00327607,0.60156626,0.3317946 ,0.06234696,0.00101618]
4;3;1;[0.00430457,0.68783224,0.26743647,0.03883026,0.00159649]
5;1;1;[1.3680850e-02,9.2623365e-01,7.8226347e-03,5.1479474e-02,7.8343897e-04]
6;1;1;[0.00237322,0.62643933,0.18553573,0.18280694,0.00284476]
7;2;1;[8.0807395e-03,7.1681780e-01,1.1782498e-01,1.5709098e-01,1.8550789e-04]
8;0;0;[7.4869096e-01,2.4221055e-01,2.4453984e-03,6.6292705e-03,2.3802049e-05]
2;2;1;[4.6335245e-03,4.3234739e-01,2.8376976e-01,2.7886680e-01,3.8256356e-04]
3;0;0;[6.9101983e-01,2.8630579e-01,8.3986372e-03,1.4259958e-02,1.5845793e-05]
2;1;1;[1.6181361e-03,9.2817634e-01,7.1389754e-03,6.3042656e-02,2.3877374e-05]
3;1;2;[0.00612481,0.40749842,0.46285266,0.11273795,0.01078624]
4;2;1;[0.05277372,0.5293256 ,0.3408555 ,0.07332188,0.00372324]
5;0;0;[9.7867751e-01,1.8643294e-02,1.5648649e-03,8.9704618e-04,2.1723365e-04]
2;0;0;[7.6049662e-01,2.2990142e-01,4.6693659e-03,4.9303821e-03,2.2775992e-06]
2;0;0;[7.8775066e-01,2.0250225e-01,4.4224393e-03,5.3221132e-03,2.5570721e-06]
2;1;1;[2.1419767e-03,9.0261346e-01,9.0149250e-03,8.6193509e-02,3.6130798e-05]
3;1;1;[2.3955414e-03,6.1906397e-01,2.3072147e-01,1.4760707e-01,2.1189830e-04]
4;3;1;[8.9110341e-03,7.9675168e-01,1.1249641e-01,8.1766009e-02,7.4867588e-05]
5;1;1;[8.8866521e-03,9.2223489e-01,6.1907414e-03,6.2656581e-02,3.1071817e-05]
6;3;1;[3.0026559e-03,5.1446533e-01,2.2412837e-01,2.5813141e-01,2.7216147e-04]
7;1;1;[6.6527398e-03,9.2430860e-01,4.2943857e-03,6.4736612e-02,7.6842971e-06]
8;3;1;[1.5605300e-03,5.3719252e-01,1.9042635e-01,2.7074957e-01,7.1008006e-05]
9;1;1;[3.8368348e-03,9.3201804e-01,3.8827548e-03,6.0257923e-02,4.4996664e-06]
10;2;1;[1.8669779e-03,5.6237972e-01,2.0345724e-01,2.3224099e-01,5.5128403e-05]
11;0;0;[8.4802943e-01,1.4315644e-01,2.5352959e-03,6.2553687e-03,2.3409068e-05]
2;0;0;[8.2439345e-01,1.6521011e-01,4.1951537e-03,6.1980407e-03,3.2344983e-06]
2;0;0;[8.0499184e-01,1.8438147e-01,4.5604301e-03,6.0634385e-03,2.7439012e-06]
2;1;1;[1.0280478e-03,9.4220197e-01,7.8375274e-03,4.8912503e-02,1.9871653e-05]
3;2;1;[1.8763210e-03,7.0778644e-01,1.6450125e-01,1.2564640e-01,1.8956470e-04]
4;0;0;[7.9516929e-01,1.9239771e-01,6.7478344e-03,5.6302892e-03,5.4847598e-05]
2;0;0;[8.1170529e-01,1.7799714e-01,4.8333011e-03,5.4573789e-03,6.8441232e-06]
2;2;2;[1.4986132e-02,4.6719143e-01,4.9347180e-01,2.4191996e-02,1.5860748e-04]
3;0;0;[9.5008194e-01,4.3617699e-02,4.0444261e-03,1.8247877e-03,4.3115910e-04]
2;0;0;[7.6499993e-01,2.2500962e-01,4.9056597e-03,5.0799944e-03,4.7121212e-06]
2;1;1;[1.1469321e-03,9.3835747e-01,7.5100707e-03,5.2964233e-02,2.1409771e-05]
3;2;1;[1.7081872e-03,7.2082204e-01,1.5785821e-01,1.1947697e-01,1.3467600e-04]
4;0;0;[7.8107643e-01,2.0752686e-01,5.8317385e-03,5.5505293e-03,1.4437661e-05]
2;1;0;[7.9127151e-01,1.9882093e-01,4.6522170e-03,5.2506151e-03,4.7325166e-06]
3;2;1;[2.7325968e-03,5.3712332e-01,3.3460176e-01,1.2548938e-01,5.2943677e-05]
4;0;0;[4.9472457e-01,4.6551189e-01,1.7577671e-02,2.2145126e-02,4.0856772e-05]
2;0;0;[8.9573056e-01,9.7722150e-02,3.7764946e-03,2.7544943e-03,1.6344948e-05]
2;0;0;[7.6294678e-01,2.2697179e-01,4.6804771e-03,5.3981403e-03,2.8620036e-06]
2;1;1;[1.1088622e-03,9.4215775e-01,6.9642225e-03,4.9749911e-02,1.9225192e-05]
3;2;1;[1.6386718e-03,7.2026795e-01,1.5888813e-01,1.1905484e-01,1.5046544e-04]
4;0;0;[8.3870530e-01,1.5168418e-01,5.4300278e-03,4.1564023e-03,2.4143907e-05]
2;2;1;[0.00463973,0.3563456 ,0.28645763,0.35219148,0.00036559]
3;0;0;[6.4405954e-01,3.3473527e-01,7.6088472e-03,1.3578520e-02,1.7846260e-05]
2;1;0;[9.4405442e-01,5.1443439e-02,2.6236651e-03,1.8505442e-03,2.7918091e-05]
3;3;2;[1.5687653e-03,2.4768473e-01,6.1970890e-01,1.3054247e-01,4.9515534e-04]
4;1;1;[8.222801e-03,8.202093e-01,6.697138e-02,1.045184e-01,7.811502e-05]
5;2;2;[0.00473635,0.16836458,0.76764166,0.0544095 ,0.00484791]
6;0;0;[9.6418130e-01,3.0489791e-02,4.3130270e-03,9.8269701e-04,3.3260891e-05]
2;1;1;[1.6627897e-03,9.2108518e-01,7.9256296e-03,6.9298536e-02,2.7908298e-05]
3;1;1;[1.8979871e-03,6.8332261e-01,1.8631148e-01,1.2832730e-01,1.4057419e-04]
4;2;1;[1.3829369e-02,7.3289084e-01,1.6345857e-01,8.9633375e-02,1.8774372e-04]
5;0;0;[9.8027110e-01,1.7460592e-02,1.4066349e-03,8.0166169e-04,6.0097773e-05]
2;1;1;[1.6603135e-03,9.2143238e-01,7.8879101e-03,6.8991758e-02,2.7723041e-05]
3;2;1;[2.0686632e-03,6.5884972e-01,2.0722459e-01,1.3166764e-01,1.8935578e-04]
4;0;0;[8.0632454e-01,1.8441281e-01,4.4949264e-03,4.7618537e-03,5.9094295e-06]
2;1;1;[1.6525448e-03,9.2233247e-01,7.7884202e-03,6.8199314e-02,2.7246311e-05]
3;2;1;[2.0256138e-03,6.6321844e-01,2.0423993e-01,1.3033244e-01,1.8359923e-04]
4;0;0;[8.0731153e-01,1.8346563e-01,4.4642007e-03,4.7528446e-03,5.7961079e-06]
2;2;2;[1.5002391e-02,4.6869588e-01,4.9166688e-01,2.4442604e-02,1.9224474e-04]
3;0;0;[9.5461136e-01,4.0013507e-02,3.3478606e-03,1.4471561e-03,5.8013375e-04]
2;0;0;[7.8473788e-01,2.0560259e-01,4.4147819e-03,5.2422183e-03,2.5492516e-06]
2;0;0;[9.5290440e-01,4.2813532e-02,2.7987601e-03,1.4484130e-03,3.4844805e-05]
2;0;0;[7.9980433e-01,1.9041789e-01,4.2739660e-03,5.5009597e-03,2.7670442e-06]
2;2;1;[7.1658762e-03,5.5127168e-01,3.7668228e-01,6.4677604e-02,2.0258992e-04]
3;0;0;[9.0051240e-01,8.9318804e-02,5.7927370e-03,3.9123390e-03,4.6374608e-04]
2;2;1;[4.4297241e-03,3.6240676e-01,3.0117068e-01,3.3168489e-01,3.0792601e-04]
3;0;0;[8.2801682e-01,1.5185307e-01,8.2359593e-03,1.1872614e-02,2.1473341e-05]
2;0;0;[8.1528473e-01,1.7653860e-01,3.7978855e-03,4.3757712e-03,2.9975017e-06]
2;0;0;[7.7022326e-01,2.1931897e-01,5.2129379e-03,5.2378345e-03,7.0208412e-06]
2;2;1;[3.3413188e-03,6.2416494e-01,2.9125425e-01,8.1166878e-02,7.2607545e-05]
3;0;0;[8.9956176e-01,9.1814332e-02,4.9428195e-03,3.4268631e-03,2.5422245e-04]
2;1;1;[1.0115979e-03,9.4330567e-01,7.6725250e-03,4.7990590e-02,1.9533547e-05]
3;1;1;[1.7968189e-03,7.1664220e-01,1.5952136e-01,1.2186422e-01,1.7528699e-04]
4;2;1;[0.01461307,0.666905  ,0.2556784 ,0.06196011,0.00084349]
5;0;0;[9.7841233e-01,1.9028662e-02,1.3233158e-03,9.6210412e-04,2.7364618e-04]
2;2;1;[4.51044226e-03,5.63903689e-01,3.30232620e-01,1.01181105e-01,1.72105661e-04]
3;1;0;[8.1033248e-01,1.7735848e-01,6.4640469e-03,5.7744524e-03,7.0541209e-05]
4;2;2;[0.00372782,0.28165203,0.5772026 ,0.13594666,0.00147085]
5;1;0;[9.0709269e-01,8.1629470e-02,7.9927677e-03,3.2438976e-03,4.1157989e-05]
6;2;2;[0.0029175 ,0.06701207,0.8652082 ,0.06339122,0.00147103]
7;1;0;[9.6090108e-01,3.3235099e-02,4.4788872e-03,1.3563709e-03,2.8634491e-05]
8;2;2;[3.1625053e-03,6.6555835e-02,8.7801903e-01,5.1750906e-02,5.1170914e-04]
9;0;0;[9.5221776e-01,4.1606490e-02,4.3547126e-03,1.7998739e-03,2.1235341e-05]
2;0;0;[7.8901589e-01,2.0061770e-01,5.0383992e-03,5.3211912e-03,6.8644263e-06]
2;0;0;[8.2791054e-01,1.6339318e-01,4.1762968e-03,4.5140041e-03,6.0656630e-06]
2;0;0;[8.8818818e-01,1.0576757e-01,3.6844739e-03,2.3403328e-03,1.9503314e-05]
2;1;1;[1.2199641e-03,9.3313515e-01,8.2419831e-03,5.7379104e-02,2.3792367e-05]
3;2;1;[0.00334159,0.5706807 ,0.27928686,0.14527415,0.00141664]
4;0;0;[8.8880593e-01,1.0232825e-01,4.9609886e-03,3.8277151e-03,7.7158365e-05]
2;0;0;[7.6236701e-01,2.2759819e-01,4.9464339e-03,5.0836052e-03,4.7108092e-06]
2;1;1;[3.56995966e-03,5.98502994e-01,3.03277254e-01,9.45496410e-02,1.00230754e-04]
3;1;1;[3.2105451e-03,6.3822925e-01,2.7490583e-01,8.3235644e-02,4.1871643e-04]
4;1;1;[0.00363414,0.68918216,0.23524499,0.07060342,0.00133534]
5;1;1;[0.00594555,0.7123954 ,0.20934024,0.07100324,0.00131553]
6;2;1;[5.6218072e-03,7.2690219e-01,1.8827063e-01,7.8671254e-02,5.3417089e-04]
7;0;0;[9.0340084e-01,9.2149816e-02,2.3645139e-03,2.0273956e-03,5.7505084e-05]
2;0;0;[7.7154183e-01,2.1849158e-01,4.8434967e-03,5.1184162e-03,4.7007288e-06]
2;0;0;[9.3584347e-01,5.9107184e-02,3.0054091e-03,2.0160554e-03,2.7920676e-05]
2;0;0;[7.9480302e-01,1.9696501e-01,4.2957324e-03,3.9314507e-03,4.8043180e-06]
2;0;0;[8.0589795e-01,1.8634051e-01,4.1050729e-03,3.6530080e-03,3.4747793e-06]
2;0;0;[9.3257833e-01,6.2387280e-02,3.0583472e-03,1.9502747e-03,2.5761477e-05]
2;0;0;[7.9458719e-01,1.9575743e-01,4.3916623e-03,5.2601937e-03,3.5894770e-06]
2;0;0;[7.9508841e-01,1.9525881e-01,4.3854043e-03,5.2638073e-03,3.5949283e-06]
2;1;1;[1.3169271e-03,9.3777299e-01,6.7434218e-03,5.4146837e-02,1.9926310e-05]
3;3;1;[1.53780694e-03,7.34393656e-01,1.54221654e-01,1.09756954e-01,8.98962389e-05]
4;3;1;[5.9333867e-03,9.0051299e-01,4.7556581e-03,8.8781640e-02,1.6357571e-05]
5;1;1;[2.4025657e-03,8.4695661e-01,2.0366386e-02,1.3021252e-01,6.1901694e-05]
6;3;1;[5.8897855e-03,5.0698280e-01,2.1399301e-01,2.7296448e-01,1.6994406e-04]
7;1;1;[8.7817498e-03,9.0655291e-01,6.0969885e-03,7.8557640e-02,1.0665958e-05]
8;3;1;[2.8134051e-03,4.7971761e-01,2.4291645e-01,2.7447978e-01,7.2757190e-05]
9;1;1;[6.4497632e-03,9.1814208e-01,5.4701096e-03,6.9931231e-02,6.7950605e-06]
10;1;1;[1.5138879e-03,5.5826229e-01,2.1156742e-01,2.2860190e-01,5.4491727e-05]
11;2;1;[7.3039238e-03,6.0544330e-01,1.9451253e-01,1.9270223e-01,3.8053444e-05]
12;0;0;[7.2157061e-01,2.6466018e-01,4.2825802e-03,9.4714649e-03,1.5229934e-05]
2;1;1;[1.8626285e-03,9.0608490e-01,9.5988223e-03,8.2419552e-02,3.4158234e-05]
3;2;2;[0.0066179 ,0.2994297 ,0.5849495 ,0.0780104 ,0.03099244]
4;0;0;[0.97290367,0.02214057,0.00280358,0.00115416,0.00099801]
2;2;1;[4.4066217e-03,5.5808425e-01,3.0775154e-01,1.2952858e-01,2.2896075e-04]
3;0;0;[8.5913169e-01,1.2752075e-01,7.0340629e-03,6.0893442e-03,2.2409958e-04]
2;3;1;[3.4749627e-03,5.9064031e-01,3.0523026e-01,1.0053124e-01,1.2318713e-04]
3;1;1;[1.5511637e-03,9.0602535e-01,6.4877393e-03,8.5459121e-02,4.7660450e-04]
4;3;1;[0.00165304,0.64546937,0.21281591,0.1328245 ,0.00723712]
5;1;1;[7.5549670e-03,9.1349143e-01,5.0970553e-03,7.3772192e-02,8.4390726e-05]
6;1;1;[0.00227687,0.5266825 ,0.2182101 ,0.2520434 ,0.00078718]
7;1;1;[1.5615084e-02,6.0898262e-01,1.7913589e-01,1.9619457e-01,7.1800721e-05]
8;2;1;[6.2386058e-03,6.0080743e-01,1.8313223e-01,2.0976518e-01,5.6509565e-05]
9;0;0;[8.6515826e-01,1.2880369e-01,1.5989331e-03,4.4203717e-03,1.8725206e-05]
2;2;1;[3.78719578e-03,5.72906375e-01,3.09192479e-01,1.13947466e-01,1.66497310e-04]
3;0;0;[9.2128837e-01,6.8758488e-02,5.4389019e-03,3.9512268e-03,5.6300923e-04]
2;0;0;[9.3505597e-01,5.9845801e-02,3.0268810e-03,2.0466717e-03,2.4583373e-05]
2;2;1;[9.0851132e-03,5.3500974e-01,4.1290367e-01,4.2819116e-02,1.8239138e-04]
3;0;0;[9.3297625e-01,5.8005493e-02,5.0999774e-03,3.1450989e-03,7.7322143e-04]
2;3;1;[3.9577461e-03,5.6441975e-01,3.1410083e-01,1.1732449e-01,1.9729888e-04]
3;3;1;[2.1774308e-03,8.9076763e-01,7.2487639e-03,9.9207945e-02,5.9824949e-04]
4;1;1;[0.00217403,0.7103952 ,0.01785512,0.2686333 ,0.00094232]
5;3;1;[0.00687305,0.62272686,0.16747592,0.20188858,0.0010356 ]
6;1;1;[6.1306059e-03,9.2439801e-01,4.2531351e-03,6.5203026e-02,1.5252632e-05]
7;1;1;[2.2238134e-03,5.2904195e-01,2.0374927e-01,2.6482913e-01,1.5581129e-04]
8;1;1;[8.5792961e-03,6.4329356e-01,1.4178470e-01,2.0629774e-01,4.4698601e-05]
9;2;1;[7.3107337e-03,5.8212763e-01,2.1347111e-01,1.9704938e-01,4.1053285e-05]
10;0;0;[8.8139480e-01,1.1318048e-01,1.4927806e-03,3.9141863e-03,1.7749333e-05]
2;3;1;[4.6737026e-03,4.1830763e-01,2.8388721e-01,2.9277205e-01,3.5929013e-04]
3;1;1;[2.6900440e-03,7.4295366e-01,6.2389490e-03,2.4798882e-01,1.2854360e-04]
4;2;1;[0.00502146,0.509612  ,0.32158566,0.15933621,0.00444464]
5;0;0;[9.5197701e-01,4.3724965e-02,1.9792551e-03,2.2778737e-03,4.0909978e-05]
2;1;1;[2.0469013e-03,9.1418779e-01,7.8906873e-03,7.5844370e-02,3.0267356e-05]
3;2;1;[2.2130415e-03,6.4144796e-01,2.1940625e-01,1.3655820e-01,3.7460684e-04]
4;0;0;[9.5978069e-01,3.5440084e-02,2.8882576e-03,1.8002006e-03,9.0734415e-05]
2;0;0;[8.0497003e-01,1.8517925e-01,4.2374223e-03,5.6104711e-03,2.8472518e-06]
2;0;0;[9.0222323e-01,9.1508798e-02,3.7760844e-03,2.4702954e-03,2.1604466e-05]
2;0;0;[7.4455482e-01,2.4500762e-01,5.1560421e-03,5.2770511e-03,4.3947521e-06]
2;0;0;[8.61977398e-01,1.30506903e-01,4.12454177e-03,3.38078383e-03,1.04118135e-05]
2;0;0;[8.4388345e-01,1.4813869e-01,4.1697621e-03,3.8004641e-03,7.6394062e-06]
2;0;0;[8.0379909e-01,1.8589045e-01,4.9013402e-03,5.4023317e-03,6.8267341e-06]
2;0;0;[8.0319691e-01,1.8778236e-01,4.3266085e-03,4.6899654e-03,4.1550393e-06]
2;2;1;[3.3359020e-03,4.8025906e-01,2.5110310e-01,2.6499942e-01,3.0252029e-04]
3;0;0;[6.7823368e-01,2.9926842e-01,8.8019073e-03,1.3690407e-02,5.5632040e-06]
2;1;1;[9.3799550e-04,9.5237172e-01,6.1836215e-03,4.0492758e-02,1.3929245e-05]
3;2;1;[1.35509763e-03,7.52086878e-01,1.38589934e-01,1.07842356e-01,1.25785416e-04]
4;0;0;[8.72124314e-01,1.19070366e-01,4.98169567e-03,3.80176050e-03,2.19118738e-05]
2;0;0;[7.7519971e-01,2.1484824e-01,4.8075072e-03,5.1399171e-03,4.6992659e-06]
2;2;1;[3.6413353e-03,5.8879137e-01,3.0183277e-01,1.0561007e-01,1.2445802e-04]
3;0;0;[8.65888298e-01,1.21386796e-01,6.64971676e-03,5.82448579e-03,2.50697922e-04]
2;0;0;[8.2372493e-01,1.6890526e-01,3.9519058e-03,3.4115564e-03,6.3132152e-06]
2;0;0;[7.7432942e-01,2.1598157e-01,4.6026828e-03,5.0828950e-03,3.4351824e-06]
2;2;1;[3.50726070e-03,5.92280865e-01,3.03899258e-01,1.00195579e-01,1.17045565e-04]
3;0;0;[8.2922602e-01,1.5928879e-01,6.5054637e-03,4.8363153e-03,1.4331019e-04]
2;1;1;[1.3409907e-03,9.3300718e-01,7.3503037e-03,5.8278617e-02,2.2870514e-05]
3;1;1;[1.6685993e-03,7.1783668e-01,1.6230138e-01,1.1807880e-01,1.1447434e-04]
4;1;1;[8.3978251e-03,8.1145686e-01,9.8961219e-02,8.1119716e-02,6.4430089e-05]
5;1;1;[4.6960809e-03,6.6664428e-01,1.9161081e-01,1.3691917e-01,1.2970004e-04]
6;2;1;[1.5324245e-02,6.1966640e-01,2.3568505e-01,1.2929009e-01,3.4170353e-05]
7;0;0;[9.3969578e-01,5.7541706e-02,8.5959182e-04,1.8886726e-03,1.4273786e-05]
2;1;1;[4.0436527e-03,5.6759977e-01,3.0580163e-01,1.2237532e-01,1.7956857e-04]
3;2;1;[0.00493819,0.565557  ,0.378237  ,0.05007373,0.00119405]
4;0;0;[9.4773990e-01,4.6320084e-02,3.8091680e-03,1.4924950e-03,6.3828530e-04]
2;0;0;[8.8189656e-01,1.1194352e-01,3.3879569e-03,2.7618676e-03,1.0102891e-05]
2;2;1;[6.1138468e-03,5.7992071e-01,3.5793352e-01,5.5893801e-02,1.3812582e-04]
3;0;0;[9.2558330e-01,6.5693155e-02,4.8243823e-03,3.0961274e-03,8.0299273e-04]
2;0;0;[8.1223267e-01,1.7801678e-01,4.1514859e-03,5.5958861e-03,3.2334563e-06]
2;3;3;[4.7708079e-03,3.2354188e-01,3.0768508e-01,3.6364642e-01,3.5581196e-04]
3;1;1;[1.7941422e-03,8.0110317e-01,5.1742299e-03,1.9189432e-01,3.4063472e-05]
4;1;1;[0.00277406,0.5965309 ,0.2482883 ,0.15174496,0.00066175]
5;1;1;[3.4346104e-02,5.7301754e-01,2.3621404e-01,1.5622941e-01,1.9290693e-04]
6;2;1;[1.6858451e-02,5.0478834e-01,3.0396518e-01,1.7426166e-01,1.2639695e-04]
7;0;0;[9.6474510e-01,3.3007622e-02,8.4396778e-04,1.3842528e-03,1.9087847e-05]
2;1;1;[2.2514961e-03,8.9296132e-01,9.9252174e-03,9.4822407e-02,3.9618073e-05]
3;2;1;[2.9316086e-03,5.6239378e-01,2.6563910e-01,1.6873764e-01,2.9785119e-04]
4;0;0;[7.6605755e-01,2.2321136e-01,5.4134754e-03,5.3087194e-03,8.8898496e-06]
2;0;0;[7.9507679e-01,1.9518548e-01,4.3191635e-03,5.4159597e-03,2.6914543e-06]
2;0;0;[8.4529942e-01,1.4776780e-01,3.5078144e-03,3.4204340e-03,4.4947506e-06]
2;1;1;[3.9340975e-03,5.6438059e-01,3.1852376e-01,1.1296123e-01,2.0036112e-04]
3;2;1;[3.4147881e-03,6.0296470e-01,3.3875421e-01,5.4334946e-02,5.3134293e-04]
4;0;0;[8.5020566e-01,1.4033468e-01,6.4814230e-03,2.7714553e-03,2.0677982e-04]
2;0;0;[7.3810869e-01,2.5208682e-01,5.0669434e-03,4.7356631e-03,1.8793087e-06]
2;0;0;[7.4059319e-01,2.4961084e-01,5.0368686e-03,4.7572036e-03,1.8987879e-06]
2;1;1;[3.9085327e-03,5.6562465e-01,3.2184851e-01,1.0841797e-01,2.0037722e-04]
3;1;2;[0.00574699,0.46057436,0.49953836,0.0329112 ,0.00122912]
4;2;1;[0.0098626 ,0.62095076,0.33784002,0.02900087,0.00234569]
5;0;0;[9.5276189e-01,4.3206193e-02,2.6704459e-03,8.5659954e-04,5.0483935e-04]
2;1;1;[1.0794866e-03,9.3918061e-01,8.2822936e-03,5.1437113e-02,2.0437559e-05]
3;3;1;[2.1054107e-03,6.8344146e-01,1.7955016e-01,1.3467389e-01,2.2901775e-04]
4;1;1;[1.1935564e-03,8.5805780e-01,2.7006397e-03,1.3800581e-01,4.2133717e-05]
5;3;1;[0.00324872,0.6351611 ,0.19824316,0.16152355,0.00182351]
6;1;1;[4.3010279e-03,9.2725182e-01,4.5420001e-03,6.3885234e-02,1.9932304e-05]
7;3;1;[2.0247812e-03,5.1918334e-01,2.1264911e-01,2.6588681e-01,2.5597075e-04]
8;1;1;[4.5154849e-03,9.2980587e-01,4.5990748e-03,6.1071806e-02,7.7035720e-06]
9;3;1;[1.4077538e-03,5.4874802e-01,1.9923346e-01,2.5052842e-01,8.2316590e-05]
10;1;1;[4.4045513e-03,9.3018323e-01,4.7140624e-03,6.0691595e-02,6.6393013e-06]
11;1;1;[1.3596250e-03,5.7515633e-01,1.9835868e-01,2.2506846e-01,5.6928660e-05]
12;2;1;[6.2382324e-03,6.2359577e-01,1.8174426e-01,1.8838206e-01,3.9616956e-05]
13;0;0;[6.8695879e-01,2.9812616e-01,4.5903833e-03,1.0307512e-02,1.7035722e-05]
2;1;1;[1.0736651e-03,9.3952143e-01,8.2342084e-03,5.1150329e-02,2.0409965e-05]
3;3;1;[2.0756349e-03,6.8642539e-01,1.7752260e-01,1.3375238e-01,2.2394251e-04]
4;1;1;[1.2059917e-03,8.5848606e-01,2.6954722e-03,1.3757201e-01,4.0510644e-05]
5;3;1;[0.00325481,0.6342307 ,0.19836661,0.16234332,0.00180464]
6;1;1;[4.3022814e-03,9.2736018e-01,4.5409612e-03,6.3776925e-02,1.9720059e-05]
7;3;1;[2.0133483e-03,5.1917958e-01,2.1249886e-01,2.6605552e-01,2.5262593e-04]
8;1;1;[4.5133960e-03,9.2980784e-01,4.5966571e-03,6.1074525e-02,7.6595607e-06]
9;3;1;[1.4052385e-03,5.4887301e-01,1.9915137e-01,2.5048855e-01,8.1849241e-05]
10;1;1;[4.402376e-03,9.301783e-01,4.711765e-03,6.070098e-02,6.615009e-06]
11;1;1;[1.3580775e-03,5.7523358e-01,1.9828679e-01,2.2506478e-01,5.6729536e-05]
12;2;1;[6.2320605e-03,6.2364721e-01,1.8166350e-01,1.8841764e-01,3.9529976e-05]
13;0;0;[6.8644035e-01,2.9861826e-01,4.5953412e-03,1.0329060e-02,1.6986618e-05]
2;0;0;[9.0915501e-01,8.5300088e-02,3.3656417e-03,2.1517870e-03,2.7572160e-05]
2;0;0;[7.7937835e-01,2.1021184e-01,5.1275305e-03,5.2753231e-03,6.9310831e-06]
2;2;1;[1.01312725e-02,5.10273099e-01,4.39777672e-01,3.95994298e-02,2.18468602e-04]
3;0;0;[9.2379618e-01,6.7628212e-02,5.0871405e-03,2.9503948e-03,5.3795800e-04]
2;3;1;[0.00401871,0.3966418 ,0.2694997 ,0.32944027,0.00039956]
3;1;1;[1.4241948e-03,8.4835154e-01,4.2632557e-03,1.4594235e-01,1.8626517e-05]
4;2;1;[2.1085066e-03,6.4137983e-01,2.1304289e-01,1.4318660e-01,2.8217668e-04]
5;0;0;[8.86522532e-01,1.06435649e-01,2.85146292e-03,4.17906977e-03,1.11654035e-05]
2;1;1;[4.0168590e-03,3.8933271e-01,2.7723438e-01,3.2905370e-01,3.6240960e-04]
3;2;1;[1.1309318e-02,6.7827451e-01,1.9269089e-01,1.1761744e-01,1.0778278e-04]
4;0;0;[9.5421642e-01,3.8782626e-02,4.2112456e-03,2.6725938e-03,1.1718529e-04]
2;2;1;[4.4019548e-03,5.6232154e-01,3.0077890e-01,1.3229036e-01,2.0717471e-04]
3;0;0;[8.9967042e-01,8.6444393e-02,6.7853453e-03,6.6009494e-03,4.9892796e-04]
2;0;0;[8.1219023e-01,1.8005143e-01,3.9059354e-03,3.8480242e-03,4.3274090e-06]
2;0;0;[8.0412680e-01,1.8620801e-01,4.2123180e-03,5.4498427e-03,3.1021168e-06]
2;3;1;[1.6585006e-03,9.2378205e-01,7.6395031e-03,6.6893660e-02,2.6347676e-05]
3;1;1;[1.0326838e-03,6.6481841e-01,1.4377482e-02,3.1963202e-01,1.3949517e-04]
4;1;1;[4.9652606e-03,6.5931445e-01,1.6215336e-01,1.7337866e-01,1.8829573e-04]
5;3;1;[2.2702929e-02,5.3177756e-01,2.3774780e-01,2.0752633e-01,2.4535009e-04]
6;3;1;[1.0228321e-02,9.1365218e-01,5.8804429e-03,7.0219688e-02,1.9407413e-05]
7;1;1;[2.2890160e-03,8.5699224e-01,1.8694248e-02,1.2200524e-01,1.9237681e-05]
8;2;1;[3.5271945e-03,5.7216001e-01,1.8565778e-01,2.3856425e-01,9.0836242e-05]
9;1;0;[7.7915037e-01,2.0850703e-01,3.5916411e-03,8.7322807e-03,1.8647710e-05]
10;2;1;[1.2264266e-03,3.9444035e-01,3.1720644e-01,2.8691500e-01,2.1169674e-04]
11;0;0;[8.4225321e-01,1.4883743e-01,2.4275403e-03,6.4661414e-03,1.5648586e-05]
2;0;0;[8.0973220e-01,1.8261917e-01,3.8999342e-03,3.7448367e-03,3.7563268e-06]
2;0;0;[8.2386649e-01,1.6809663e-01,3.7466853e-03,4.2868746e-03,3.2556868e-06]
2;1;1;[3.1907465e-03,6.5098339e-01,2.7979738e-01,6.5978952e-02,4.9554623e-05]
3;2;1;[3.1889842e-03,6.3079053e-01,2.9270923e-01,7.3018469e-02,2.9275080e-04]
4;0;0;[8.3486366e-01,1.5175043e-01,7.8640059e-03,5.0474894e-03,4.7445545e-04]
2;0;0;[7.8668296e-01,2.0294546e-01,5.0577861e-03,5.3069554e-03,6.8780564e-06]
2;0;0;[7.9179496e-01,2.0028503e-01,4.3396382e-03,3.5749834e-03,5.3882727e-06]
2;0;0;[7.7130276e-01,2.1846294e-01,4.8544863e-03,5.3753741e-03,4.3965501e-06]
2;1;1;[3.7801096e-03,5.9005332e-01,2.9739788e-01,1.0864562e-01,1.2305613e-04]
3;1;1;[3.2241289e-03,6.7290634e-01,2.3845056e-01,8.5024528e-02,3.9442020e-04]
4;1;1;[0.00368352,0.6999235 ,0.21540223,0.07953807,0.00145263]
5;3;1;[0.00549977,0.7148904 ,0.19369061,0.08499549,0.00092368]
6;1;1;[3.7379079e-03,9.5457286e-01,3.3086054e-03,3.8355503e-02,2.5175596e-05]
7;2;1;[8.2763564e-04,7.3136663e-01,9.1805972e-02,1.7588076e-01,1.1904309e-04]
8;0;0;[5.9844357e-01,3.8846701e-01,2.8539607e-03,1.0223010e-02,1.2386510e-05]
2;1;1;[3.6752049e-03,5.9081227e-01,3.0090028e-01,1.0448433e-01,1.2797971e-04]
3;1;1;[3.1553677e-03,6.6104573e-01,2.5190178e-01,8.3466843e-02,4.3022711e-04]
4;1;1;[0.00365384,0.6941437 ,0.22570848,0.07500039,0.00149354]
5;2;1;[0.00595415,0.7111625 ,0.20127703,0.08058725,0.00101904]
6;0;0;[8.4186339e-01,1.5006500e-01,3.6675204e-03,4.2681745e-03,1.3589466e-04]
2;1;1;[9.3584659e-04,9.4987494e-01,6.6236714e-03,4.2549387e-02,1.6097063e-05]
3;2;1;[1.4092887e-03,7.5870436e-01,1.3613598e-01,1.0364884e-01,1.0151850e-04]
4;0;0;[9.0278655e-01,8.8727333e-02,4.9078641e-03,3.5153152e-03,6.2936961e-05]
2;2;1;[0.00421974,0.3870591 ,0.273125  ,0.3351929 ,0.00040332]
3;0;0;[6.0479659e-01,3.7095872e-01,7.9350844e-03,1.6300047e-02,9.6146787e-06]
2;1;1;[1.1621180e-03,9.3712425e-01,7.6842858e-03,5.4007240e-02,2.2037650e-05]
3;2;1;[0.00402736,0.5301002 ,0.32073176,0.14068837,0.00445227]
4;0;0;[9.4061732e-01,5.2999869e-02,3.8300289e-03,2.3929272e-03,1.5978525e-04]
2;1;1;[3.63013218e-03,5.89526296e-01,3.01873833e-01,1.04847044e-01,1.22712532e-04]
3;2;1;[0.00368126,0.6039405 ,0.32495177,0.06661709,0.00080936]
4;0;0;[8.7765241e-01,1.1267770e-01,5.8727227e-03,3.3460425e-03,4.5109930e-04]
2;0;0;[8.1089687e-01,1.7919011e-01,4.4771233e-03,5.4310514e-03,4.8794227e-06]
2;2;1;[4.09441674e-03,5.66332936e-01,3.08493108e-01,1.20903626e-01,1.75853726e-04]
3;0;0;[8.8589668e-01,1.0169489e-01,6.4186165e-03,5.6512463e-03,3.3858474e-04]
2;0;0;[8.7587517e-01,1.1716747e-01,3.6059937e-03,3.3433535e-03,7.9728979e-06]
2;0;0;[8.5735244e-01,1.3623920e-01,3.5822461e-03,2.8199344e-03,6.1369255e-06]
2;0;0;[7.8495181e-01,2.0538718e-01,4.4128262e-03,5.2456479e-03,2.5519194e-06]
2;0;0;[8.6232483e-01,1.3148539e-01,3.3934950e-03,2.7893358e-03,7.0056471e-06]
2;1;1;[3.5585563e-03,8.5439819e-01,1.1473355e-02,1.3051564e-01,5.4258424e-05]
3;2;1;[0.00381526,0.4917631 ,0.3257023 ,0.17808017,0.00063911]
4;0;0;[8.2744950e-01,1.6240732e-01,5.5768290e-03,4.5332666e-03,3.3088079e-05]
2;0;0;[7.9265100e-01,1.9702208e-01,4.6429071e-03,5.6815008e-03,2.5517922e-06]
2;0;0;[7.9402041e-01,1.9562559e-01,4.6329596e-03,5.7184785e-03,2.5717229e-06]
2;0;0;[7.7186179e-01,2.1769029e-01,5.1971986e-03,5.2436739e-03,7.0032293e-06]
2;0;0;[8.1257200e-01,1.7712831e-01,4.8273243e-03,5.4654395e-03,6.8483087e-06]
2;0;0;[7.9450381e-01,1.9665882e-01,4.6406458e-03,4.1897404e-03,6.9805292e-06]
2;0;0;[7.9255813e-01,1.9709575e-01,5.0030220e-03,5.3363633e-03,6.8480272e-06]
2;0;0;[7.9660684e-01,1.9305375e-01,4.9695019e-03,5.3629894e-03,6.8347822e-06]
2;0;0;[7.7926916e-01,2.0976399e-01,5.3022443e-03,5.6599900e-03,4.6202294e-06]
2;0;0;[8.4722787e-01,1.4486317e-01,4.1654655e-03,3.7368841e-03,6.6406787e-06]
2;0;0;[8.0985582e-01,1.8023312e-01,4.4859620e-03,5.4202573e-03,4.8681277e-06]
2;0;0;[8.2896918e-01,1.6320820e-01,4.0131547e-03,3.8043058e-03,5.1108354e-06]
2;0;0;[8.0871797e-01,1.8136930e-01,4.4972859e-03,5.4106368e-03,4.8563484e-06]
2;0;0;[7.1458328e-01,2.7549532e-01,5.1855445e-03,4.7323857e-03,3.4606940e-06]
2;1;1;[1.4224238e-03,9.2556149e-01,8.2802810e-03,6.4709134e-02,2.6670939e-05]
3;1;1;[2.0354996e-03,6.7738658e-01,1.8514679e-01,1.3526398e-01,1.6713116e-04]
4;2;1;[1.6990863e-02,6.5792632e-01,2.5880435e-01,6.5720417e-02,5.5806787e-04]
5;0;0;[9.6297419e-01,3.4223836e-02,1.4762377e-03,1.2624318e-03,6.3230946e-05]
2;0;0;[8.0567724e-01,1.8613015e-01,4.1912519e-03,3.9964933e-03,4.8780998e-06]
2;0;0;[8.0476189e-01,1.8707044e-01,4.0735281e-03,4.0901075e-03,4.0633699e-06]
2;0;0;[8.0972105e-01,1.8053606e-01,4.2730854e-03,5.4660235e-03,3.7665811e-06]
2;1;1;[1.3581410e-03,9.3113393e-01,7.5864308e-03,5.9897568e-02,2.3906014e-05]
3;1;1;[1.7463800e-03,7.0894587e-01,1.6712080e-01,1.2206082e-01,1.2607411e-04]
4;1;1;[8.2931500e-03,8.1164944e-01,1.0125978e-01,7.8728527e-02,6.9096954e-05]
5;2;1;[4.6081143e-03,6.6596073e-01,1.9730146e-01,1.3198325e-01,1.4636561e-04]
6;0;0;[9.0741688e-01,8.8493660e-02,1.5284026e-03,2.5538809e-03,7.0939745e-06]
2;0;0;[8.0229652e-01,1.8784359e-01,4.2920271e-03,5.5644969e-03,3.3000726e-06]
2;0;0;[8.0387926e-01,1.8645719e-01,4.2145471e-03,5.4459497e-03,3.0983124e-06]
2;0;0;[7.9595727e-01,1.9411330e-01,4.3350989e-03,5.5914638e-03,2.8238971e-06]
2;0;0;[7.8472197e-01,2.0561837e-01,4.4150464e-03,5.2420693e-03,2.5489444e-06]
2;0;0;[7.8562629e-01,2.0470984e-01,4.4056782e-03,5.2556386e-03,2.5612810e-06]
2;0;0;[8.1714422e-01,1.7477807e-01,3.6968624e-03,4.3777302e-03,3.1653246e-06]
2;0;0;[7.9286116e-01,1.9714607e-01,4.4678980e-03,5.5223345e-03,2.5566203e-06]
2;1;1;[9.9279196e-04,9.4458574e-01,7.4756653e-03,4.6926767e-02,1.9048872e-05]
3;2;1;[1.7109771e-03,7.2604579e-01,1.5380533e-01,1.1827787e-01,1.6011018e-04]
4;0;0;[7.3414642e-01,2.5229004e-01,6.8788952e-03,6.6592149e-03,2.5438092e-05]
2;0;0;[7.8869081e-01,2.0104748e-01,4.7208532e-03,5.5363751e-03,4.4753974e-06]
2;0;0;[7.3295498e-01,2.5820881e-01,4.8296200e-03,4.0034791e-03,3.1593531e-06]
2;0;0;[7.6800275e-01,2.2202040e-01,4.8761568e-03,5.0960649e-03,4.7061521e-06]
2;0;0;[7.7615011e-01,2.1390113e-01,4.7982722e-03,5.1458213e-03,4.6993637e-06]
2;0;0;[8.0624723e-01,1.8383998e-01,4.5201401e-03,5.3878268e-03,4.8322672e-06]
2;0;0;[7.6811594e-01,2.2365266e-01,4.3838192e-03,3.8436702e-03,3.8688077e-06]
2;1;1;[1.4176186e-03,9.2592812e-01,8.2349312e-03,6.4392827e-02,2.6504056e-05]
3;2;1;[0.00264544,0.6232456 ,0.23117828,0.14221412,0.00071656]
4;0;0;[8.8075805e-01,1.1018006e-01,4.9532955e-03,4.0481207e-03,6.0583097e-05]
2;0;0;[8.0213952e-01,1.8821619e-01,4.2264662e-03,5.4147486e-03,3.0743161e-06]
2;1;1;[3.6932526e-03,5.7619834e-01,3.1155553e-01,1.0839318e-01,1.5972921e-04]
3;2;1;[0.0035803 ,0.59527916,0.34001005,0.06051214,0.00061839]
4;0;0;[8.7145674e-01,1.1872330e-01,6.4540217e-03,2.9517559e-03,4.1411049e-04]
2;0;0;[7.9591960e-01,1.9373576e-01,4.9771336e-03,5.3607365e-03,6.8366271e-06]
2;1;0;[7.8214949e-01,2.0735678e-01,4.7661280e-03,5.7238066e-03,3.7776979e-06]
3;2;1;[2.8819614e-03,5.0471389e-01,3.6551633e-01,1.2684117e-01,4.6625541e-05]
4;1;0;[5.3983629e-01,4.2390779e-01,1.7765643e-02,1.8476754e-02,1.3515470e-05]
5;1;2;[2.1871096e-03,1.1710243e-01,8.4805876e-01,3.2599289e-02,5.2433312e-05]
6;1;2;[7.1952492e-02,2.1688475e-01,6.6855282e-01,4.2474791e-02,1.3513150e-04]
7;2;2;[3.7416462e-02,1.8517154e-01,7.3408562e-01,4.3247871e-02,7.8521742e-05]
8;0;0;[9.2754835e-01,6.4822040e-02,5.7120565e-03,1.9122277e-03,5.3357526e-06]
2;0;0;[7.7618235e-01,2.1386223e-01,4.8009753e-03,5.1496583e-03,4.6981827e-06]
2;2;1;[3.8587048e-03,4.1513619e-01,2.6945707e-01,3.1116697e-01,3.8110514e-04]
3;0;0;[6.5615463e-01,3.2036930e-01,8.3531942e-03,1.5116324e-02,6.5571885e-06]
2;3;1;[3.53693287e-03,5.89671850e-01,3.04171294e-01,1.02496915e-01,1.22991012e-04]
3;1;1;[1.3576269e-03,9.1430795e-01,5.7390584e-03,7.8263983e-02,3.3137540e-04]
4;2;1;[0.00163395,0.65608674,0.20015259,0.13579088,0.00633581]
5;0;0;[8.5851920e-01,1.3403888e-01,3.0132602e-03,4.4054780e-03,2.3109900e-05]
2;0;0;[7.9794776e-01,1.9238754e-01,4.3616085e-03,5.2994676e-03,3.6232593e-06]
2;0;0;[7.8317767e-01,2.0726375e-01,4.4032927e-03,5.1524923e-03,2.8429197e-06]
2;0;0;[8.1715298e-01,1.7301796e-01,4.1246051e-03,5.7011279e-03,3.3235913e-06]
