prefix_length;ground_truth;predicted;prediction_probs
2;0;0;[0.9674971 ,0.02679148,0.00185375,0.0010551 ,0.00280268]
2;0;0;[9.7685587e-01,1.8675094e-02,1.3830839e-03,6.7321549e-04,2.4127185e-03]
2;0;0;[0.9194518 ,0.06884619,0.00392162,0.00298488,0.00479562]
2;1;1;[0.00486352,0.6579831 ,0.19936913,0.13699594,0.00078823]
3;1;1;[0.00368146,0.6092818 ,0.33369446,0.05242408,0.00091817]
4;2;2;[0.00747091,0.36667916,0.60699654,0.01743479,0.0014187 ]
5;0;0;[9.2298830e-01,1.0588589e-02,1.5278279e-03,2.5019128e-04,6.4644940e-02]
2;1;1;[3.5748843e-03,6.6291118e-01,2.0793545e-01,1.2492979e-01,6.4869178e-04]
3;2;1;[0.00185941,0.70079845,0.2185814 ,0.07792837,0.00083238]
4;0;0;[0.939859  ,0.02128391,0.00341302,0.00134006,0.03410403]
2;0;0;[0.9404015 ,0.05145911,0.00315146,0.00238991,0.00259802]
2;1;1;[9.4515143e-04,9.3382937e-01,3.1628809e-03,6.1881181e-02,1.8140860e-04]
3;1;1;[0.00160906,0.71002215,0.17898323,0.10732837,0.00205723]
4;1;1;[5.55278128e-03,8.03927600e-01,1.09476425e-01,8.05254430e-02,5.17674314e-04]
5;1;2;[0.00380651,0.42863756,0.49611136,0.07080356,0.00064102]
6;1;1;[7.4944538e-03,6.1259842e-01,2.7751011e-01,1.0203561e-01,3.6139565e-04]
7;3;1;[3.8149222e-03,5.9886825e-01,2.6244363e-01,1.3463919e-01,2.3398543e-04]
8;1;1;[4.325791e-03,9.529665e-01,9.061184e-03,3.339598e-02,2.505384e-04]
9;1;1;[1.2188476e-03,6.7873740e-01,1.8138418e-01,1.3810866e-01,5.5082270e-04]
10;1;1;[4.5908862e-03,7.3178214e-01,1.2215208e-01,1.4117227e-01,3.0260289e-04]
11;1;1;[2.8450449e-03,6.7898351e-01,1.7212950e-01,1.4580168e-01,2.4026688e-04]
12;3;1;[3.4338485e-03,7.0985460e-01,1.5513816e-01,1.3135269e-01,2.2067208e-04]
13;1;1;[2.9545454e-03,9.6115422e-01,8.9808833e-03,2.6674777e-02,2.3557029e-04]
14;1;1;[1.4775703e-03,6.8125081e-01,1.9605495e-01,1.2081293e-01,4.0375013e-04]
15;2;1;[5.8349483e-03,7.3957038e-01,1.3319744e-01,1.2112514e-01,2.7207087e-04]
16;0;0;[0.8991215 ,0.08920103,0.00553134,0.00406166,0.00208442]
2;2;1;[0.0035854 ,0.63264185,0.28789532,0.07488009,0.00099729]
3;0;0;[9.7489136e-01,1.7174345e-02,1.0928239e-03,5.9244252e-04,6.2490972e-03]
2;0;0;[0.96040976,0.03361878,0.00217706,0.00139969,0.00239467]
2;0;0;[0.9395818 ,0.05307167,0.00300139,0.00234107,0.00200399]
2;0;0;[0.9592099 ,0.03542102,0.00220695,0.00144183,0.00172027]
2;1;1;[3.9194576e-03,6.5288395e-01,2.3086648e-01,1.1181085e-01,5.1925587e-04]
3;1;1;[0.00184817,0.69354314,0.23530194,0.06850066,0.00080606]
4;2;2;[0.00502664,0.47037417,0.49195766,0.03109633,0.00154521]
5;0;0;[9.2763776e-01,9.9757090e-03,1.7743667e-03,3.2390986e-04,6.0288209e-02]
2;0;0;[9.8922741e-01,8.7636923e-03,8.6011080e-04,4.0078477e-04,7.4799336e-04]
2;2;1;[0.00451132,0.6711888 ,0.19212705,0.13147601,0.00069685]
3;0;0;[0.97504765,0.01111832,0.00225467,0.00141421,0.01016521]
2;1;1;[0.00448141,0.67136645,0.19199541,0.13145924,0.00069753]
3;1;1;[2.1157588e-03,6.6623580e-01,2.5884715e-01,7.2166227e-02,6.3496956e-04]
4;2;1;[0.0044613 ,0.6510009 ,0.30156252,0.04212379,0.0008516 ]
5;0;0;[0.9315101 ,0.02342755,0.00412186,0.00106051,0.03988007]
2;1;1;[1.1717911e-03,9.3361270e-01,3.1988039e-03,6.1822169e-02,1.9459880e-04]
3;3;1;[0.00134541,0.739831  ,0.14432661,0.11295508,0.00154187]
4;1;1;[2.597201e-03,9.201298e-01,3.921337e-03,7.325209e-02,9.959929e-05]
5;2;1;[0.00141941,0.5211667 ,0.3597628 ,0.11675198,0.00089904]
6;0;0;[9.8496258e-01,1.2633108e-02,1.5883077e-03,4.3796276e-04,3.7805497e-04]
2;0;0;[0.968681  ,0.02633619,0.00195919,0.00128671,0.00173682]
2;2;1;[3.7975847e-03,6.4277941e-01,2.5642836e-01,9.6499011e-02,4.9571943e-04]
3;0;0;[0.9587981 ,0.02011018,0.00304588,0.00154445,0.0165014 ]
2;0;0;[0.8948086 ,0.09300299,0.00451686,0.00568169,0.00198984]
2;0;0;[0.8920389 ,0.09141022,0.0044772 ,0.00341217,0.00866149]
2;0;0;[9.6671218e-01,2.4148328e-02,1.6973793e-03,8.3257019e-04,6.6095358e-03]
2;1;1;[5.8651657e-04,9.5058429e-01,3.2631741e-03,4.5402978e-02,1.6296789e-04]
3;1;1;[0.00088994,0.75521076,0.1887068 ,0.05179741,0.00339516]
4;3;1;[2.6451237e-03,7.4521214e-01,2.0097779e-01,5.0721101e-02,4.4388423e-04]
5;1;1;[2.6473135e-03,9.3892044e-01,1.0630664e-02,4.7402021e-02,3.9958666e-04]
6;1;1;[0.00111965,0.5970152 ,0.21552011,0.18539594,0.0009491 ]
7;1;1;[3.8491162e-03,6.7419779e-01,1.2824772e-01,1.9338603e-01,3.1933200e-04]
8;3;1;[2.4814708e-03,6.1791885e-01,1.9787772e-01,1.8147758e-01,2.4438169e-04]
9;1;1;[3.9458922e-03,9.4557530e-01,8.2132984e-03,4.1984417e-02,2.8096710e-04]
10;1;1;[1.1746968e-03,6.4174122e-01,1.8962698e-01,1.6682462e-01,6.3253014e-04]
11;2;1;[3.7749296e-03,7.2170198e-01,1.1873684e-01,1.5546277e-01,3.2347505e-04]
12;0;0;[0.9314517 ,0.05948968,0.00440136,0.00260117,0.00205621]
2;0;0;[0.8938555 ,0.0858678 ,0.00417802,0.00350052,0.01259813]
2;0;0;[0.8910313 ,0.09479467,0.00440025,0.00313506,0.00663872]
2;1;1;[6.6764932e-04,9.4466925e-01,3.1967727e-03,5.1330306e-02,1.3604754e-04]
3;3;1;[0.0013464 ,0.7198166 ,0.15914786,0.11730459,0.00238457]
4;1;1;[2.0955135e-03,9.0742493e-01,3.8854850e-03,8.6458482e-02,1.3551119e-04]
5;1;1;[0.00117393,0.5471813 ,0.3268087 ,0.12357671,0.00125934]
6;1;1;[6.9221281e-03,6.2368864e-01,1.6578557e-01,2.0313036e-01,4.7325352e-04]
7;2;1;[2.8893298e-03,5.3946215e-01,2.5860107e-01,1.9881943e-01,2.2800476e-04]
8;0;0;[9.6969897e-01,2.6376726e-02,2.0412866e-03,7.0157053e-04,1.1814262e-03]
2;0;0;[0.9388431 ,0.05056656,0.00304437,0.00170872,0.00583727]
2;1;1;[1.6165395e-04,6.5769833e-01,5.7067070e-03,3.3627859e-01,1.5476065e-04]
3;2;1;[0.00146516,0.85034955,0.09062089,0.05631917,0.00124522]
4;0;0;[0.85672176,0.05100532,0.00584462,0.00089238,0.08553582]
2;3;1;[0.00179441,0.75533724,0.14990488,0.09129722,0.00166623]
3;1;1;[7.49964092e-04,8.83407056e-01,4.68955375e-03,1.10718235e-01,4.35295136e-04]
4;2;1;[0.00083372,0.6168285 ,0.2897965 ,0.08907949,0.00346183]
5;0;0;[0.8922721 ,0.08854702,0.00515169,0.00327129,0.01075791]
2;2;1;[0.00302681,0.6960149 ,0.18102363,0.11897481,0.00095988]
3;0;0;[0.8286039 ,0.01880809,0.00206451,0.00093442,0.14958905]
2;0;0;[0.9233238 ,0.06420271,0.00402112,0.00239775,0.00605465]
2;0;0;[0.9071947 ,0.076139  ,0.00404063,0.00370703,0.00891858]
2;2;1;[0.00344121,0.7039411 ,0.17081067,0.12074773,0.00105928]
3;1;0;[0.7859763 ,0.05007646,0.00389585,0.0029841 ,0.15706724]
4;2;2;[0.01073705,0.21775286,0.55428225,0.210164  ,0.0070638 ]
5;0;0;[0.9021717 ,0.07750159,0.00523307,0.00311927,0.01197447]
2;0;0;[0.89931387,0.08842123,0.00427086,0.00336952,0.00462454]
2;2;1;[4.6227379e-03,6.1964166e-01,3.0524999e-01,6.9907382e-02,5.7823333e-04]
3;0;0;[9.2780119e-01,1.0975323e-02,1.2327731e-03,5.4290739e-04,5.9447724e-02]
2;0;0;[9.7763026e-01,1.8390695e-02,1.2117121e-03,6.7598891e-04,2.0913379e-03]
2;0;0;[0.89724594,0.08964945,0.00472153,0.0038596 ,0.00452352]
2;1;1;[8.4684900e-04,9.4293946e-01,3.2951327e-03,5.2768901e-02,1.4966574e-04]
3;1;1;[0.0011997 ,0.74161977,0.1548943 ,0.10046555,0.00182068]
4;3;1;[2.9385251e-03,8.5161978e-01,6.8915606e-02,7.6057404e-02,4.6875144e-04]
5;1;1;[1.44765084e-03,9.43057537e-01,1.00776525e-02,4.51486930e-02,2.68476841e-04]
6;1;1;[0.00124384,0.61825633,0.20943595,0.1700691 ,0.00099476]
7;1;1;[3.4408497e-03,6.7663109e-01,1.0230782e-01,2.1721059e-01,4.0967113e-04]
8;1;1;[1.9241632e-03,6.4651012e-01,1.5513155e-01,1.9613549e-01,2.9862096e-04]
9;1;1;[2.9891282e-03,6.9373602e-01,1.4655648e-01,1.5644644e-01,2.7198365e-04]
10;2;1;[2.7820903e-03,7.0402938e-01,1.4823054e-01,1.4470245e-01,2.5553012e-04]
11;0;0;[9.5690048e-01,3.7626456e-02,3.0700814e-03,8.9578016e-04,1.5072034e-03]
2;3;1;[0.0036048 ,0.6646557 ,0.20554593,0.12549761,0.00069602]
3;1;1;[1.1102372e-03,9.3985128e-01,5.1523568e-03,5.3215247e-02,6.7092013e-04]
4;2;1;[6.6929858e-04,7.3125577e-01,1.6135339e-01,1.0465820e-01,2.0633568e-03]
5;0;0;[0.83355606,0.15001509,0.00657309,0.00493764,0.0049181 ]
2;0;0;[0.9529227 ,0.03937254,0.00253202,0.00171203,0.0034608 ]
2;0;0;[0.8973229 ,0.08897128,0.00476986,0.0040019 ,0.00493404]
2;1;1;[9.3924598e-04,9.3245816e-01,3.1443192e-03,6.3275419e-02,1.8290206e-04]
3;2;1;[0.0020573 ,0.6829162 ,0.2175602 ,0.0952675 ,0.00219873]
4;0;0;[0.9616985 ,0.03347089,0.00191972,0.00114929,0.00176159]
2;3;1;[3.8902008e-03,6.5014821e-01,2.3401850e-01,1.1136547e-01,5.7761435e-04]
3;1;1;[1.2229807e-03,9.4124573e-01,5.6288615e-03,5.1262014e-02,6.4048596e-04]
4;3;1;[6.8283395e-04,7.2219896e-01,1.7769396e-01,9.7300559e-02,2.1237680e-03]
5;1;1;[1.6521771e-03,9.4626117e-01,4.6157166e-03,4.7194980e-02,2.7589037e-04]
6;1;1;[0.00111169,0.5918257 ,0.24323004,0.16260903,0.00122356]
7;2;1;[4.34049172e-03,6.63463116e-01,1.11327805e-01,2.20493421e-01,3.75126634e-04]
8;0;0;[0.9632063 ,0.03081904,0.00335827,0.00116129,0.0014552 ]
2;1;1;[9.8120794e-04,9.3818891e-01,3.2513510e-03,5.7402704e-02,1.7583375e-04]
3;1;1;[0.00130726,0.7345084 ,0.15214044,0.11039352,0.00165039]
4;1;1;[4.3940339e-03,8.2774013e-01,7.8697711e-02,8.8738464e-02,4.2962760e-04]
5;2;2;[3.7517268e-03,3.3482727e-01,6.1728442e-01,4.3587610e-02,5.4900075e-04]
6;0;0;[9.8164898e-01,1.4574512e-02,1.3816853e-03,2.9386807e-04,2.1009636e-03]
2;0;0;[0.9091035 ,0.07908956,0.00422125,0.00415894,0.00342672]
2;0;0;[0.9104041 ,0.07761165,0.00421029,0.00428747,0.00348653]
2;0;0;[0.9642006 ,0.02959217,0.00213601,0.00152717,0.002544  ]
2;1;1;[1.1473976e-03,9.1996360e-01,3.0305716e-03,7.5654566e-02,2.0389464e-04]
3;1;1;[0.00139404,0.7229794 ,0.17398681,0.09990733,0.00173239]
4;1;1;[4.9974616e-03,8.0695379e-01,1.1806925e-01,6.9476135e-02,5.0340802e-04]
5;2;1;[0.00404651,0.47751275,0.4389775 ,0.07880154,0.00066164]
6;0;0;[9.6927232e-01,2.4904968e-02,2.2251289e-03,6.7180477e-04,2.9256956e-03]
2;2;1;[0.00360869,0.6745386 ,0.19688825,0.12428216,0.00068231]
3;0;0;[0.94938624,0.02961964,0.00378577,0.00306958,0.01413874]
2;2;1;[0.00371333,0.67409927,0.19628303,0.12521996,0.0006844 ]
3;0;0;[0.974686  ,0.01168408,0.00237223,0.00149057,0.00976702]
2;2;1;[0.00379738,0.67375714,0.19580744,0.12595206,0.00068599]
3;0;0;[0.94980454,0.02956136,0.00377673,0.00326841,0.01358898]
2;0;0;[0.93783087,0.05404096,0.00321297,0.00254641,0.0023688 ]
2;0;0;[0.9299937 ,0.06079692,0.00357551,0.00345127,0.00218269]
2;1;1;[0.00541069,0.68390155,0.17553237,0.13440146,0.00075396]
3;2;2;[7.6217428e-03,3.4020635e-01,6.1931103e-01,3.2473676e-02,3.8724398e-04]
4;0;0;[9.8616308e-01,6.1272094e-03,1.1721255e-03,3.7072567e-04,6.1667999e-03]
2;1;1;[1.3957671e-03,9.3365508e-01,3.2904439e-03,6.1458521e-02,2.0008575e-04]
3;2;1;[0.00140867,0.7478276 ,0.13388263,0.11552061,0.00136055]
4;0;0;[9.8902166e-01,8.9406315e-03,1.1199279e-03,3.3890485e-04,5.7892851e-04]
2;1;1;[1.4521518e-03,9.1755289e-01,2.9668796e-03,7.7821352e-02,2.0668872e-04]
3;1;1;[0.00132525,0.74429446,0.14343427,0.10935541,0.00159058]
4;2;1;[6.7340760e-03,7.9944170e-01,9.6856326e-02,9.6261986e-02,7.0585031e-04]
5;1;0;[0.95636636,0.03357957,0.00627347,0.00158279,0.00219773]
6;2;2;[0.0075129 ,0.27035207,0.56094897,0.16047637,0.0007097 ]
7;0;0;[9.7987604e-01,1.7169131e-02,1.5751644e-03,7.8390446e-04,5.9568865e-04]
2;1;1;[6.1004661e-04,9.4614953e-01,3.2709166e-03,4.9821462e-02,1.4797098e-04]
3;3;1;[7.7243696e-04,7.8196537e-01,1.3960551e-01,7.4838258e-02,2.8184303e-03]
4;1;1;[1.2021643e-03,9.1533035e-01,3.6131600e-03,7.9652563e-02,2.0184534e-04]
5;3;1;[0.00081796,0.5733942 ,0.2928257 ,0.13137175,0.00159029]
6;1;1;[2.6386185e-03,9.3858308e-01,4.5133885e-03,5.4074049e-02,1.9080976e-04]
7;1;1;[0.00116091,0.5711767 ,0.23050898,0.19629279,0.00086063]
8;2;1;[4.24608868e-03,6.32712424e-01,1.23381525e-01,2.39333630e-01,3.26258567e-04]
9;0;0;[0.94655305,0.04567651,0.00353313,0.00270128,0.0015359 ]
2;0;0;[9.7517300e-01,1.7858200e-02,1.3275821e-03,5.1504426e-04,5.1261797e-03]
2;1;1;[5.3203915e-04,9.4924915e-01,3.0521317e-03,4.7022138e-02,1.4446517e-04]
3;3;1;[6.2025135e-04,7.9506099e-01,1.4330116e-01,5.8248963e-02,2.7686844e-03]
4;1;1;[1.0775247e-03,9.1877693e-01,3.8582233e-03,7.6097503e-02,1.8984683e-04]
5;3;1;[0.00088752,0.55818975,0.31660232,0.12256321,0.00175722]
6;1;1;[2.9759163e-03,9.3782485e-01,4.5812321e-03,5.4405995e-02,2.1197771e-04]
7;1;1;[0.00116621,0.5710489 ,0.23831254,0.18844451,0.00102785]
8;3;1;[3.2299941e-03,6.5288609e-01,1.0896362e-01,2.3457904e-01,3.4119800e-04]
9;1;1;[2.8756580e-03,9.3115628e-01,9.0445001e-03,5.6663953e-02,2.5962450e-04]
10;3;1;[0.00119579,0.62822497,0.19990715,0.17003573,0.00063642]
11;1;1;[2.7784696e-03,9.4677079e-01,5.8020749e-03,4.4427998e-02,2.2060826e-04]
12;1;1;[0.00133545,0.6257905 ,0.20841238,0.16379507,0.00066656]
13;2;1;[6.4694821e-03,6.8279040e-01,1.2822227e-01,1.8214089e-01,3.7696245e-04]
14;0;0;[0.8966408 ,0.08985505,0.0061669 ,0.00515222,0.00218502]
2;2;1;[0.00181272,0.7141019 ,0.18571623,0.09728068,0.00108841]
3;0;0;[0.67418265,0.04419636,0.00427663,0.00227809,0.2750663 ]
2;0;0;[0.8927636 ,0.08752917,0.00420019,0.00344274,0.01206425]
2;0;0;[0.8832332 ,0.09365939,0.00528288,0.004056  ,0.01376852]
2;0;0;[0.911813  ,0.06413268,0.00410014,0.00337038,0.01658371]
2;2;1;[2.1002842e-03,8.1273937e-01,1.3321199e-01,5.1280957e-02,6.6735561e-04]
3;0;0;[0.827869  ,0.04676956,0.00334689,0.00147545,0.12053907]
2;3;1;[0.00259487,0.6873272 ,0.1976856 ,0.11157956,0.00081274]
3;1;1;[0.00123983,0.9347498 ,0.00621415,0.05670563,0.00109072]
4;1;1;[0.00080356,0.701103  ,0.19267517,0.10266005,0.00275818]
5;3;1;[0.00532017,0.73626363,0.14212646,0.1153411 ,0.00094859]
6;1;1;[1.9861287e-03,9.4625264e-01,8.4269065e-03,4.3067403e-02,2.6703431e-04]
7;2;1;[0.00144123,0.6247448 ,0.21159963,0.16128433,0.00093001]
8;0;0;[0.92238104,0.07026942,0.00341731,0.00238413,0.00154823]
2;1;1;[6.7381241e-04,9.4505256e-01,3.2088191e-03,5.0928731e-02,1.3605005e-04]
3;2;1;[0.00181387,0.69606686,0.23739879,0.06119545,0.00352507]
4;0;0;[0.95997447,0.03312784,0.00177508,0.00098113,0.00414151]
2;0;0;[9.81173456e-01,1.40161365e-02,1.13258522e-03,4.71170963e-04,3.20666470e-03]
2;0;0;[0.9032351 ,0.0842725 ,0.0045603 ,0.003903  ,0.00402919]
2;1;1;[8.4225362e-04,9.4267547e-01,3.2824988e-03,5.3049829e-02,1.4996067e-04]
3;1;1;[0.00165395,0.7061546 ,0.1809896 ,0.10903458,0.00216733]
4;3;1;[4.3318952e-03,8.2447606e-01,9.1247231e-02,7.9452001e-02,4.9280497e-04]
5;1;1;[1.9595732e-03,9.3920225e-01,1.1636125e-02,4.6942156e-02,2.5986892e-04]
6;3;1;[0.00143938,0.60018253,0.24187541,0.15545243,0.00105025]
7;1;1;[2.7364397e-03,9.4597071e-01,5.6226947e-03,4.5466922e-02,2.0323646e-04]
8;3;1;[0.00166196,0.5956828 ,0.25020862,0.15138136,0.00106529]
9;1;1;[3.3692427e-03,9.5023942e-01,6.1025335e-03,4.0053196e-02,2.3562876e-04]
10;1;1;[0.00164091,0.6239838 ,0.21797343,0.1555055 ,0.0008964 ]
11;3;1;[5.0957017e-03,6.8687457e-01,1.2862681e-01,1.7902872e-01,3.7416461e-04]
12;1;1;[3.4180824e-03,9.4081855e-01,9.7614685e-03,4.5733735e-02,2.6819372e-04]
13;1;1;[1.5891619e-03,6.4855468e-01,1.9998381e-01,1.4936422e-01,5.0811516e-04]
14;3;1;[4.9465280e-03,7.0216769e-01,1.2550320e-01,1.6706571e-01,3.1689208e-04]
15;1;1;[2.0607489e-03,9.4427633e-01,8.0218371e-03,4.5421984e-02,2.1913703e-04]
16;1;1;[9.1576949e-04,6.8674862e-01,1.6358200e-01,1.4838623e-01,3.6732142e-04]
17;1;1;[4.8912228e-03,7.1381801e-01,1.1489928e-01,1.6611317e-01,2.7837919e-04]
18;2;1;[3.5702975e-03,6.5049911e-01,1.8267012e-01,1.6302373e-01,2.3672135e-04]
19;0;0;[0.88504493,0.10172257,0.0062922 ,0.00491803,0.00202225]
2;1;1;[0.00402882,0.66553277,0.19919935,0.1305078 ,0.00073123]
3;2;1;[0.00211009,0.70417166,0.22348659,0.06910959,0.00112206]
4;1;0;[0.900916  ,0.02927488,0.00353965,0.00143969,0.06482978]
5;2;2;[0.01063756,0.2690294 ,0.51439875,0.20177484,0.00415939]
6;0;0;[0.9427305 ,0.04841209,0.00294513,0.0017094 ,0.00420289]
2;1;1;[9.1269822e-04,9.2065358e-01,3.0830267e-03,7.5159237e-02,1.9137790e-04]
3;2;1;[0.00139188,0.72531086,0.1627723 ,0.10866234,0.00186261]
4;0;0;[0.9335192 ,0.05909714,0.00275171,0.00237295,0.00225906]
2;1;1;[9.2423183e-04,9.2836297e-01,3.1103559e-03,6.7415930e-02,1.8654643e-04]
3;1;1;[0.00140664,0.7262638 ,0.1591367 ,0.11132623,0.00186663]
4;1;1;[5.0585824e-03,8.1864214e-01,8.9782402e-02,8.6012937e-02,5.0399126e-04]
5;1;1;[0.00331756,0.5280866 ,0.36625496,0.10158835,0.00075254]
6;2;1;[7.1355770e-03,6.3282531e-01,2.5133318e-01,1.0812589e-01,5.8008480e-04]
7;0;0;[9.7868764e-01,1.6599162e-02,2.0927936e-03,4.2619923e-04,2.1942435e-03]
2;0;0;[0.9615604 ,0.03296243,0.00226949,0.00121223,0.00199542]
2;0;0;[0.94414806,0.04792331,0.00340897,0.00225145,0.00226829]
2;1;1;[2.8461828e-03,6.7826152e-01,2.0178413e-01,1.1644681e-01,6.6136336e-04]
3;1;1;[0.00221802,0.6314967 ,0.30289274,0.06273215,0.00066037]
4;2;1;[0.00525839,0.6076511 ,0.3479256 ,0.03823197,0.00093287]
5;0;0;[9.3951160e-01,1.5260005e-02,3.2208464e-03,7.7598571e-04,4.1231573e-02]
2;0;0;[0.90554976,0.08361493,0.00413631,0.00411516,0.00258386]
2;0;0;[0.9058902 ,0.08323153,0.00414436,0.00415264,0.00258121]
2;0;0;[0.9312529 ,0.05994634,0.00315667,0.00290204,0.002742  ]
2;0;0;[0.90316516,0.08607289,0.00411403,0.00442087,0.00222705]
2;2;1;[0.00129715,0.6970973 ,0.21459807,0.08625464,0.00075288]
3;0;0;[0.6596474 ,0.03866545,0.00394755,0.00161418,0.29612547]
2;0;0;[0.87194186,0.11428171,0.00442694,0.00274154,0.00660799]
2;0;0;[9.6636337e-01,2.5900083e-02,1.7445291e-03,8.1170932e-04,5.1802807e-03]
2;0;0;[9.6599722e-01,2.5523001e-02,1.7355750e-03,8.2373206e-04,5.9203370e-03]
2;0;0;[9.6601927e-01,2.5478467e-02,1.7342570e-03,8.2407735e-04,5.9439614e-03]
2;1;1;[0.00182184,0.7151284 ,0.1846015 ,0.09734123,0.00110696]
3;3;1;[0.00133081,0.74517983,0.18696052,0.06464933,0.00187949]
4;1;1;[0.00177118,0.9383652 ,0.00839078,0.04969675,0.00177603]
5;2;1;[5.0298776e-04,6.4280659e-01,2.1957922e-01,1.3468283e-01,2.4283361e-03]
6;0;0;[0.80056626,0.18332747,0.00656276,0.00567643,0.0038671 ]
2;1;1;[6.0212286e-04,9.4620246e-01,3.3662100e-03,4.9666129e-02,1.6315249e-04]
3;2;1;[0.00077776,0.7769447 ,0.16417149,0.05517703,0.00292908]
4;0;0;[0.90595853,0.07855214,0.00321969,0.00287313,0.00939642]
2;1;1;[6.0494209e-04,9.4617373e-01,3.3902547e-03,4.9665593e-02,1.6543269e-04]
3;3;1;[7.1676075e-04,7.7976686e-01,1.5971494e-01,5.6816332e-02,2.9851105e-03]
4;1;1;[1.1847891e-03,9.1715521e-01,4.1577164e-03,7.7296123e-02,2.0620193e-04]
5;2;1;[0.00096246,0.5388292 ,0.34970933,0.1089152 ,0.00158385]
6;0;0;[0.9387539 ,0.05439565,0.00270325,0.00270678,0.00144043]
2;1;1;[6.0944119e-04,9.4611377e-01,3.4268387e-03,4.9680896e-02,1.6891121e-04]
3;2;1;[7.7052246e-04,7.7710366e-01,1.6394249e-01,5.5245183e-02,2.9381458e-03]
4;0;0;[0.9558423 ,0.03462848,0.00193835,0.00102014,0.00657082]
2;2;1;[0.00207018,0.7022895 ,0.1893297 ,0.10506773,0.00124292]
3;0;0;[0.64874315,0.0440019 ,0.00401761,0.00211845,0.3011189 ]
2;0;0;[0.8931995 ,0.08217121,0.00445812,0.00397366,0.01619762]
2;1;1;[6.3107116e-04,9.4540375e-01,3.6297888e-03,5.0146114e-02,1.8920563e-04]
3;2;1;[7.6267030e-04,7.7663493e-01,1.6443929e-01,5.5198841e-02,2.9641972e-03]
4;0;0;[0.9532153 ,0.03648229,0.00205222,0.00108696,0.00716326]
2;2;1;[0.00209107,0.6849552 ,0.20825148,0.10396299,0.00073931]
3;0;0;[0.8410087 ,0.02163007,0.00241047,0.001106  ,0.13384473]
2;3;1;[0.00189239,0.7561192 ,0.15213853,0.08826065,0.00158923]
3;1;1;[7.68512662e-04,8.85746717e-01,4.86031640e-03,1.08165465e-01,4.58988070e-04]
4;1;1;[0.00082971,0.61182106,0.28916535,0.09447634,0.00370754]
5;3;1;[0.00343074,0.6250409 ,0.21384123,0.15651499,0.00117211]
6;1;1;[2.8170233e-03,9.1972768e-01,1.1295201e-02,6.5438479e-02,7.2161783e-04]
7;3;1;[0.00094897,0.5625811 ,0.24703638,0.18767045,0.00176308]
8;1;1;[2.3452539e-03,9.3606049e-01,6.8379547e-03,5.4215983e-02,5.4037967e-04]
9;3;1;[0.00110713,0.56138605,0.25811586,0.17749353,0.00189739]
10;1;1;[2.5134501e-03,9.3995017e-01,7.0003006e-03,4.9996845e-02,5.3935294e-04]
11;2;1;[0.00142789,0.55631375,0.29448172,0.14579427,0.00198235]
12;0;0;[0.9018585 ,0.08440583,0.00528761,0.00324285,0.00520524]
2;2;1;[0.00199876,0.7166496 ,0.159014  ,0.1202962 ,0.00204147]
3;0;0;[0.83606523,0.12260685,0.00517348,0.00555939,0.03059496]
2;2;1;[0.00768831,0.530213  ,0.42151755,0.03998445,0.00059674]
3;0;0;[8.9851397e-01,1.4939935e-02,1.2474052e-03,5.4321426e-04,8.4755532e-02]
2;1;1;[7.1803492e-04,9.4725358e-01,3.3236207e-03,4.8567243e-02,1.3745166e-04]
3;2;1;[0.0009721 ,0.76403224,0.1443461 ,0.08831121,0.00233838]
4;0;0;[0.86130744,0.12360126,0.00402538,0.00432404,0.00674195]
2;2;1;[0.00360103,0.6559381 ,0.21742374,0.12222061,0.00081653]
3;0;0;[0.90310174,0.02249237,0.00275868,0.00126903,0.07037815]
2;3;1;[7.8368722e-04,9.4886780e-01,3.5576704e-03,4.6647180e-02,1.4362291e-04]
3;1;1;[2.3638413e-04,8.4773809e-01,1.1649397e-02,1.4003709e-01,3.3907642e-04]
4;3;1;[1.1630907e-03,7.8734356e-01,9.8749116e-02,1.1199507e-01,7.4910378e-04]
5;1;1;[1.9619029e-03,9.2419463e-01,7.2047361e-03,6.6459849e-02,1.7878752e-04]
6;1;1;[0.00154179,0.55960083,0.27109843,0.1668289 ,0.00093006]
7;3;1;[8.1358971e-03,5.8960056e-01,2.5099739e-01,1.5103942e-01,2.2677437e-04]
8;1;1;[5.5940379e-03,9.3848932e-01,1.0868937e-02,4.4796769e-02,2.5098992e-04]
9;3;1;[1.2859851e-03,6.2663907e-01,2.1223453e-01,1.5924585e-01,5.9453055e-04]
10;1;1;[3.4317442e-03,9.4841379e-01,6.5542939e-03,4.1380242e-02,2.1997759e-04]
11;3;1;[0.00144938,0.6145695 ,0.22672223,0.15658289,0.00067608]
12;1;1;[3.2010393e-03,9.4912660e-01,6.2358426e-03,4.1222200e-02,2.1423519e-04]
13;1;1;[1.2248848e-03,6.3528228e-01,2.0456666e-01,1.5835984e-01,5.6629110e-04]
14;1;1;[4.2786910e-03,6.8596929e-01,1.3425121e-01,1.7523414e-01,2.6668856e-04]
15;3;1;[2.4287056e-03,6.4087784e-01,1.9209777e-01,1.6439477e-01,2.0089553e-04]
16;1;1;[2.5476716e-03,9.4479555e-01,7.6691434e-03,4.4786688e-02,2.0103226e-04]
17;2;1;[1.1878539e-03,6.3352901e-01,2.2858919e-01,1.3634874e-01,3.4518610e-04]
18;0;0;[0.89594746,0.0924553 ,0.00555495,0.00415865,0.00188366]
2;1;1;[4.9034897e-03,5.3660560e-01,4.0529120e-01,5.2703954e-02,4.9571990e-04]
3;2;1;[0.00590306,0.5464084 ,0.40631956,0.04055793,0.00081099]
4;0;0;[9.3962663e-01,1.3369664e-02,1.6558053e-03,4.9574138e-04,4.4852134e-02]
2;1;1;[7.6261396e-04,9.4252253e-01,3.1690442e-03,5.3419627e-02,1.2617758e-04]
3;2;1;[0.00148342,0.7248231 ,0.20410387,0.06674003,0.00284961]
4;0;0;[0.941417  ,0.04991521,0.00232649,0.00184951,0.00449181]
2;1;1;[7.6330669e-04,9.4268924e-01,3.1729995e-03,5.3248458e-02,1.2602094e-04]
3;2;1;[0.0039514 ,0.5544877 ,0.39922374,0.03823879,0.00409834]
4;0;0;[9.8296726e-01,1.3174268e-02,9.5841964e-04,3.0101836e-04,2.5990789e-03]
2;0;0;[0.9182253 ,0.07018264,0.00447773,0.00352063,0.00359375]
2;0;0;[9.7143745e-01,2.3199700e-02,1.6549001e-03,8.5743231e-04,2.8505512e-03]
2;2;1;[0.00217994,0.6815037 ,0.16050096,0.15374194,0.00207345]
3;0;0;[0.8814841 ,0.09701537,0.00362246,0.00501574,0.01286232]
2;1;1;[9.2354330e-04,9.2778921e-01,3.1065857e-03,6.7993633e-02,1.8702254e-04]
3;3;1;[0.00114835,0.7360728 ,0.15233505,0.1086101 ,0.00183372]
4;1;1;[2.2643567e-03,9.0635800e-01,4.3435511e-03,8.6914286e-02,1.1986515e-04]
5;1;1;[0.00119341,0.5444145 ,0.34072983,0.11249383,0.00116838]
6;2;1;[1.4216949e-02,5.9440166e-01,2.5888649e-01,1.3192917e-01,5.6577357e-04]
7;0;0;[9.7741038e-01,1.8780878e-02,1.9124669e-03,9.1958407e-04,9.7659079e-04]
2;3;1;[3.21448687e-03,6.64744258e-01,2.10414305e-01,1.20987974e-01,6.38952770e-04]
3;1;1;[1.6126462e-03,9.2585200e-01,5.6922380e-03,6.6243865e-02,5.9927610e-04]
4;1;1;[0.00099598,0.7155028 ,0.17891026,0.10311182,0.00147918]
5;2;1;[0.00810067,0.6930339 ,0.22181511,0.07613952,0.00091082]
6;0;0;[0.95856756,0.03417875,0.00340685,0.00126014,0.00258662]
2;1;1;[9.3622121e-04,9.3194848e-01,3.1395315e-03,6.3792348e-02,1.8340697e-04]
3;1;1;[0.00153701,0.71549904,0.18631957,0.09472955,0.00191486]
4;1;1;[4.4612824e-03,8.2165849e-01,1.0812044e-01,6.5290309e-02,4.6948268e-04]
5;1;1;[0.00320289,0.4956225 ,0.4162986 ,0.08430653,0.00056946]
6;2;1;[5.7405960e-03,6.3841027e-01,2.3659693e-01,1.1888347e-01,3.6869536e-04]
7;0;0;[0.9613714 ,0.03230821,0.00265399,0.00101477,0.00265165]
2;0;0;[0.90479046,0.08394881,0.00419763,0.00378414,0.00327894]
2;1;1;[9.9887431e-04,9.3958473e-01,3.2964600e-03,5.5946022e-02,1.7380892e-04]
3;1;1;[0.00431167,0.574874  ,0.35728896,0.06083909,0.00268632]
4;1;1;[2.8551482e-02,5.2542847e-01,4.1491693e-01,3.0790774e-02,3.1237947e-04]
5;2;2;[7.1800011e-03,3.4540203e-01,5.9178185e-01,5.5374030e-02,2.6210319e-04]
6;0;0;[9.7954535e-01,1.5385771e-02,1.5465199e-03,4.0076874e-04,3.1216808e-03]
2;3;1;[9.8718668e-04,9.3866986e-01,3.2646225e-03,5.6903239e-02,1.7511255e-04]
3;1;1;[3.6113540e-04,8.6288172e-01,1.6479060e-02,1.1998108e-01,2.9694516e-04]
4;3;1;[0.00291829,0.71173966,0.21971565,0.06490333,0.00072305]
5;1;1;[5.0552883e-03,9.2279279e-01,1.0057890e-02,6.1902761e-02,1.9126634e-04]
6;2;1;[0.00240061,0.5460339 ,0.30400735,0.14677252,0.00078563]
7;0;0;[9.6006179e-01,3.5287123e-02,2.3923283e-03,1.5878535e-03,6.7094638e-04]
2;0;0;[0.9058305 ,0.08329786,0.00414323,0.00414654,0.00258192]
2;0;0;[0.9072066 ,0.08173499,0.00417489,0.00431232,0.0025712 ]
2;0;0;[9.8739082e-01,1.0270682e-02,9.2271296e-04,5.0263200e-04,9.1313920e-04]
2;2;1;[5.2010450e-03,5.4482788e-01,3.9077199e-01,5.8759581e-02,4.3955503e-04]
3;0;0;[9.8219556e-01,7.6218820e-03,1.2927441e-03,5.9593964e-04,8.2937973e-03]
2;0;0;[0.89724874,0.08678084,0.00444811,0.00269358,0.00882877]
2;0;0;[9.6747476e-01,2.5132891e-02,1.4790692e-03,6.9920236e-04,5.2140201e-03]
2;0;0;[9.7333694e-01,1.9879198e-02,1.3141300e-03,5.8442971e-04,4.8851981e-03]
2;2;1;[4.3445379e-03,5.8008522e-01,3.8403353e-01,3.0963453e-02,5.7329389e-04]
3;0;0;[7.4113727e-01,2.1035746e-02,1.6713225e-03,6.5144635e-04,2.3550427e-01]
2;2;1;[0.00186244,0.7120149 ,0.18788615,0.09720207,0.00103446]
3;0;0;[0.64031   ,0.0382396 ,0.00349717,0.00192675,0.31602648]
2;0;0;[0.92907274,0.05636988,0.00296802,0.00198608,0.00960332]
2;0;0;[0.9606113 ,0.02874172,0.00197666,0.00105118,0.00761914]
2;2;1;[0.00306057,0.65488416,0.22646543,0.1145996 ,0.0009902 ]
3;0;0;[0.8213374 ,0.05009374,0.0048762 ,0.00310028,0.12059229]
2;0;0;[9.6272016e-01,2.7272105e-02,1.6337351e-03,8.8700035e-04,7.4870610e-03]
2;0;0;[0.949694  ,0.03008308,0.00232704,0.00148509,0.01641076]
2;3;1;[0.00186609,0.73240006,0.17272697,0.09162364,0.00138325]
3;3;1;[0.00104247,0.93528444,0.0060618 ,0.05622819,0.00138307]
4;1;1;[1.9395754e-04,9.0859807e-01,1.7389411e-02,7.3110305e-02,7.0824160e-04]
5;3;1;[0.00138749,0.717974  ,0.1357941 ,0.14372073,0.00112374]
6;1;1;[1.7377193e-03,9.4010133e-01,5.5646119e-03,5.2362368e-02,2.3384405e-04]
7;3;1;[0.00132827,0.5958275 ,0.22136675,0.18043667,0.00104077]
8;1;1;[2.6151277e-03,9.4498837e-01,5.2525494e-03,4.6909157e-02,2.3489499e-04]
9;1;1;[0.00109081,0.61843675,0.19095445,0.18867858,0.00083938]
10;1;1;[3.9599845e-03,6.6251528e-01,1.2300612e-01,2.1014364e-01,3.7498944e-04]
11;1;1;[3.0505653e-03,5.8763862e-01,2.7303845e-01,1.3598639e-01,2.8605381e-04]
12;2;1;[4.5499145e-03,6.6645938e-01,1.9049974e-01,1.3827096e-01,2.2009786e-04]
13;0;0;[0.9463553 ,0.04678455,0.00325184,0.00174647,0.00186176]
2;2;1;[0.00236551,0.6857996 ,0.20290512,0.10815411,0.00077561]
3;0;0;[0.8158806 ,0.04238677,0.00396009,0.00217099,0.13560154]
2;1;1;[6.6049321e-04,9.4420618e-01,3.1844976e-03,5.1812809e-02,1.3610968e-04]
3;1;1;[0.00080664,0.77616   ,0.13766696,0.08285897,0.00250735]
4;3;1;[2.1538476e-03,8.4321320e-01,8.6578995e-02,6.7569695e-02,4.8429784e-04]
5;1;1;[1.8970885e-03,9.4666737e-01,1.4330353e-02,3.6672320e-02,4.3291229e-04]
6;2;1;[0.00202299,0.6089715 ,0.24838826,0.1394923 ,0.00112496]
7;0;0;[0.95203125,0.04296612,0.00230168,0.00167092,0.00103006]
2;0;0;[0.9263402 ,0.0621408 ,0.00321627,0.0024389 ,0.00586388]
2;0;0;[0.9448293 ,0.04604622,0.00312318,0.00149113,0.00451014]
2;0;0;[0.9616722 ,0.03104223,0.00205173,0.00102606,0.00420777]
2;0;0;[0.9104579 ,0.07565612,0.0042689 ,0.0028695 ,0.00674764]
2;1;1;[8.1223657e-04,9.4910336e-01,3.6763176e-03,4.6260595e-02,1.4758376e-04]
3;2;1;[0.00136686,0.7053222 ,0.24536863,0.04450888,0.00343334]
4;0;0;[9.6058738e-01,3.1742167e-02,1.7518286e-03,7.6504069e-04,5.1535182e-03]
2;1;1;[8.5051532e-04,9.4957250e-01,3.8037144e-03,4.5622412e-02,1.5075692e-04]
3;3;1;[0.00125441,0.7390232 ,0.16319129,0.09396194,0.00256912]
4;1;1;[1.6339441e-03,9.2322427e-01,3.6572600e-03,7.1298473e-02,1.8608281e-04]
5;1;1;[0.00108631,0.546258  ,0.32874444,0.12211558,0.00179563]
6;2;1;[6.8289945e-03,6.3768190e-01,1.4996476e-01,2.0499307e-01,5.3130905e-04]
7;0;0;[0.9665612 ,0.02773014,0.00259773,0.00160412,0.00150682]
2;0;0;[0.89624494,0.0911112 ,0.00467397,0.00372061,0.00424928]
2;0;0;[0.9007652 ,0.08676861,0.00427108,0.0034426 ,0.00475251]
2;1;1;[0.00331237,0.6643523 ,0.21048327,0.1211827 ,0.00066934]
3;1;1;[0.00156946,0.724421  ,0.20001747,0.07294478,0.00104729]
4;2;2;[0.00626792,0.42775574,0.54257953,0.02148929,0.00190752]
5;0;0;[9.0787303e-01,1.0676393e-02,1.5226967e-03,3.0993999e-04,7.9617977e-02]
2;0;0;[0.9289677 ,0.06120914,0.00339464,0.00213355,0.00429497]
2;0;0;[0.90622884,0.080976  ,0.00417816,0.00364802,0.00496897]
2;0;0;[0.9045172 ,0.08376279,0.00467397,0.0045285 ,0.00251757]
2;0;0;[9.7596711e-01,2.0240715e-02,1.5541381e-03,7.5634086e-04,1.4817616e-03]
2;0;0;[0.9063432 ,0.08247472,0.0041646 ,0.00380785,0.00320954]
2;1;1;[9.5486734e-04,9.3511981e-01,3.1806957e-03,6.0564850e-02,1.7986404e-04]
3;1;1;[0.00124202,0.7347433 ,0.15216942,0.11011893,0.00172639]
4;3;1;[4.0062284e-03,8.2842660e-01,8.2003735e-02,8.5106626e-02,4.5687120e-04]
5;1;1;[1.9574217e-03,9.3934476e-01,1.2654286e-02,4.5775089e-02,2.6852288e-04]
6;2;1;[0.0016594 ,0.60871893,0.24107073,0.14759833,0.00095263]
7;0;0;[0.9216121 ,0.07048586,0.00348708,0.00295943,0.00145547]
2;1;1;[4.02422715e-03,6.43085420e-01,2.43259981e-01,1.08997874e-01,6.32519892e-04]
3;1;1;[0.00243213,0.6644976 ,0.2639336 ,0.06835088,0.00078582]
4;3;1;[0.00459787,0.6302595 ,0.3230259 ,0.04108255,0.0010341 ]
5;1;1;[3.8242883e-03,9.5462763e-01,1.1582737e-02,2.9381143e-02,5.8424904e-04]
6;1;1;[0.00112152,0.65879214,0.23141369,0.10723495,0.00143761]
7;2;1;[4.90431441e-03,7.45337784e-01,1.21301726e-01,1.27910972e-01,5.45208924e-04]
8;0;0;[0.89383113,0.09488722,0.00574919,0.00312489,0.00240759]
2;2;1;[0.00192058,0.71301943,0.18838786,0.09531834,0.00135384]
3;0;0;[0.9181567 ,0.06196136,0.00256309,0.00273064,0.01458825]
2;1;1;[1.0440325e-03,9.4216698e-01,3.4232051e-03,5.3195663e-02,1.7007576e-04]
3;1;1;[0.00336339,0.6241147 ,0.2911148 ,0.07894821,0.00245884]
4;2;1;[1.4509303e-02,7.0256531e-01,2.2500031e-01,5.7489958e-02,4.3507331e-04]
5;0;0;[9.7069395e-01,2.1479394e-02,3.1903193e-03,8.7255368e-04,3.7637490e-03]
2;0;0;[0.90340036,0.08594318,0.0041034 ,0.00393918,0.00261395]
2;0;0;[0.907752  ,0.08141523,0.00411619,0.00421125,0.00250526]
2;1;1;[1.1501983e-03,9.2234057e-01,3.0509308e-03,7.3255777e-02,2.0254127e-04]
3;1;1;[0.00120131,0.74208605,0.14560395,0.10945344,0.00165524]
4;3;1;[4.9768542e-03,8.1399918e-01,9.0289265e-02,9.0210162e-02,5.2459107e-04]
5;1;1;[2.8626767e-03,9.2495364e-01,1.5148462e-02,5.6820799e-02,2.1451655e-04]
6;3;1;[0.00204354,0.55071497,0.30388007,0.14260183,0.00075948]
7;1;1;[3.3819682e-03,9.4044507e-01,6.6696946e-03,4.9345873e-02,1.5737236e-04]
8;3;1;[0.0018556 ,0.5883509 ,0.24743795,0.16158667,0.00076886]
9;1;1;[3.3693132e-03,9.4650578e-01,6.3015288e-03,4.3637834e-02,1.8562317e-04]
10;2;1;[0.00192376,0.57481664,0.2914316 ,0.13091299,0.00091499]
11;0;0;[0.95069796,0.04385231,0.00275403,0.00166801,0.00102765]
2;0;0;[0.9108168 ,0.07675834,0.00432135,0.00538689,0.00271658]
2;0;0;[0.89625114,0.09206991,0.00437956,0.00532475,0.0019746 ]
2;1;1;[4.9888424e-04,9.4711471e-01,2.9858227e-03,4.9263857e-02,1.3670600e-04]
3;2;1;[5.8880693e-04,7.9459578e-01,1.3950065e-01,6.2444758e-02,2.8700498e-03]
4;0;0;[0.91946596,0.06730969,0.00291924,0.00220602,0.008099  ]
2;0;0;[0.8966715 ,0.07866717,0.00415389,0.00387885,0.01662857]
2;2;1;[5.1645464e-03,5.8522791e-01,3.7115657e-01,3.7974339e-02,4.7667796e-04]
3;0;0;[8.78394365e-01,1.61686186e-02,1.27123226e-03,6.14016782e-04,1.03551775e-01]
2;0;0;[0.8911074 ,0.09468352,0.00440081,0.00313994,0.00666838]
2;1;1;[6.8578467e-04,9.4573551e-01,3.2336072e-03,5.0208956e-02,1.3611111e-04]
3;2;1;[0.00080147,0.78049433,0.14046612,0.07581306,0.00242509]
4;0;0;[0.8742737 ,0.11084027,0.00384903,0.00390716,0.00712988]
2;1;0;[0.897746  ,0.08696592,0.0042888 ,0.00336691,0.00763229]
3;2;1;[0.00635414,0.4046487 ,0.36088982,0.22560002,0.0025073 ]
4;0;0;[0.9150916 ,0.0715505 ,0.00376823,0.00324671,0.00634288]
2;0;0;[0.9437121 ,0.04660001,0.00316298,0.001512  ,0.00501284]
2;0;0;[0.8878383 ,0.0963222 ,0.00516524,0.00377568,0.00689855]
2;1;1;[7.4161857e-04,9.4803500e-01,3.4011845e-03,4.7683034e-02,1.3918873e-04]
3;2;1;[0.00088184,0.7661267 ,0.13628949,0.09433841,0.0023635 ]
4;0;0;[0.8818969 ,0.10477667,0.00363225,0.00333491,0.00635922]
2;2;1;[0.00181901,0.7159484 ,0.13922016,0.14111008,0.00190227]
3;0;0;[0.89252245,0.07804475,0.00330281,0.00224298,0.023887  ]
2;1;0;[9.7548395e-01,1.9483522e-02,1.3351574e-03,8.9740357e-04,2.8000078e-03]
3;3;2;[0.01282364,0.29376638,0.49640483,0.19505207,0.00195308]
4;1;1;[1.2361549e-02,8.7246567e-01,1.0437173e-02,1.0455017e-01,1.8548929e-04]
5;2;2;[0.00294131,0.24592797,0.65649784,0.09395692,0.00067592]
6;0;0;[9.5334774e-01,4.0436305e-02,3.8590354e-03,1.5740201e-03,7.8292046e-04]
2;1;1;[9.7149058e-04,9.3728179e-01,3.2276199e-03,5.8341976e-02,1.7710363e-04]
3;1;1;[0.00127643,0.73481464,0.15186678,0.11036614,0.00167595]
4;2;1;[5.7102074e-03,8.1083298e-01,1.0615909e-01,7.6852545e-02,4.4511849e-04]
5;0;0;[9.7322392e-01,1.7274808e-02,4.3453802e-03,6.9631683e-04,4.4596354e-03]
2;1;1;[9.7444747e-04,9.3755370e-01,3.2339091e-03,5.8061227e-02,1.7671545e-04]
3;2;1;[0.00133788,0.7327494 ,0.15153037,0.11265969,0.00172264]
4;0;0;[0.9104618 ,0.08084472,0.00332723,0.00324624,0.00212004]
2;1;1;[9.8122389e-04,9.3818617e-01,3.2511335e-03,5.7405740e-02,1.7583343e-04]
3;2;1;[0.00133099,0.7334107 ,0.15078308,0.11276703,0.00170819]
4;0;0;[0.90896785,0.08223987,0.00337231,0.00330394,0.00211601]
2;2;2;[6.6354494e-03,4.6547371e-01,4.8469082e-01,4.2944644e-02,2.5544054e-04]
3;0;0;[9.6496439e-01,1.0435777e-02,1.0869823e-03,5.1374361e-04,2.2999192e-02]
2;0;0;[0.9062096 ,0.08287505,0.0041508 ,0.00418682,0.00257779]
2;0;0;[9.7829050e-01,1.8234916e-02,1.4914962e-03,8.2533690e-04,1.1577609e-03]
2;0;0;[0.90783   ,0.08096769,0.0041993 ,0.00442583,0.00257719]
2;2;1;[5.2931253e-03,6.1986393e-01,2.7299568e-01,1.0134721e-01,5.0007051e-04]
3;0;0;[0.9531035 ,0.01962569,0.00271464,0.00152318,0.02303289]
2;2;1;[0.00280317,0.6458067 ,0.1501385 ,0.19922847,0.00202313]
3;0;0;[0.9773397 ,0.01783304,0.00128307,0.00165807,0.00188618]
2;0;0;[0.9266145 ,0.06386038,0.00360062,0.00332904,0.00259542]
2;0;0;[0.8867817 ,0.09540575,0.00432141,0.0032184 ,0.01027278]
2;2;1;[0.00165603,0.7053052 ,0.19760019,0.09451064,0.00092801]
3;0;0;[0.7054204 ,0.01959462,0.00224935,0.00094962,0.2717861 ]
2;1;1;[5.1045622e-04,9.4796258e-01,2.9974368e-03,4.8390992e-02,1.3858553e-04]
3;1;1;[6.0433958e-04,7.9475242e-01,1.4178357e-01,6.0036272e-02,2.8233738e-03]
4;2;1;[3.2233573e-03,7.6994890e-01,1.8275976e-01,4.3512382e-02,5.5561593e-04]
5;0;0;[9.6303666e-01,2.1422541e-02,3.4474691e-03,5.6862336e-04,1.1524666e-02]
2;2;1;[0.00312416,0.65763015,0.22183459,0.1163439 ,0.00106717]
3;1;0;[0.81077814,0.05205048,0.00497236,0.00321497,0.12898411]
4;2;2;[0.01487989,0.18449064,0.5872732 ,0.20758326,0.00577305]
5;1;0;[0.94071764,0.04322389,0.00402108,0.00184438,0.01019292]
6;2;2;[0.01628509,0.1348881 ,0.6799379 ,0.16694222,0.00194667]
7;1;0;[0.9645972 ,0.02964334,0.0026291 ,0.00151926,0.00161117]
8;2;2;[0.01333428,0.18830457,0.56457824,0.23311245,0.0006704 ]
9;0;0;[9.6758389e-01,2.7926972e-02,2.3175019e-03,1.4515481e-03,7.2005013e-04]
2;0;0;[0.89325655,0.08682932,0.00419006,0.00346566,0.01225836]
2;0;0;[0.91097564,0.06284282,0.0038303 ,0.00323459,0.01911676]
2;0;0;[0.9371984 ,0.05429844,0.00296761,0.00127042,0.00426511]
2;1;1;[6.362890e-04,9.424842e-01,3.155179e-03,5.358762e-02,1.366837e-04]
3;2;1;[0.00134513,0.7339695 ,0.17720315,0.08459937,0.00288286]
4;0;0;[0.9211366 ,0.06825536,0.00280993,0.00233556,0.00546248]
2;0;0;[0.89109945,0.09489805,0.00438887,0.00311809,0.00649551]
2;1;1;[0.00263918,0.6859592 ,0.1998346 ,0.11077478,0.00079211]
3;1;1;[0.0015528 ,0.736978  ,0.19009794,0.06993427,0.00143699]
4;1;1;[0.00289811,0.6937332 ,0.24890693,0.05221246,0.00224925]
5;1;1;[0.00336396,0.64984465,0.2898877 ,0.05412194,0.00278174]
6;2;1;[0.00438209,0.7069993 ,0.21277669,0.07363529,0.00220661]
7;0;0;[9.4996083e-01,1.8984422e-02,2.4470375e-03,5.5429852e-04,2.8053397e-02]
2;0;0;[0.8924001 ,0.09317166,0.00438665,0.00318382,0.00685786]
2;0;0;[0.9670333 ,0.02547684,0.00182715,0.00103897,0.00462377]
2;0;0;[0.9195895 ,0.07024723,0.00338739,0.00239348,0.00438229]
2;0;0;[0.92929435,0.06107366,0.00365976,0.00232863,0.00364368]
2;0;0;[0.9653995 ,0.0289987 ,0.00193378,0.00103638,0.00263176]
2;0;0;[0.9037344 ,0.08347445,0.00423821,0.00358221,0.00497084]
2;0;0;[0.9037997 ,0.08338687,0.00423812,0.00358851,0.00498682]
2;1;1;[9.4348012e-04,9.4649071e-01,3.5743031e-03,4.8845053e-02,1.4647793e-04]
3;3;1;[0.00118489,0.75421464,0.1611444 ,0.08182779,0.00162826]
4;3;1;[1.6312371e-03,9.2497975e-01,3.8666490e-03,6.9376044e-02,1.4630565e-04]
5;1;1;[3.0759835e-04,8.8286901e-01,3.3997498e-02,8.2498305e-02,3.2757322e-04]
6;3;1;[0.00392216,0.67049485,0.16525437,0.15960044,0.00072826]
7;1;1;[2.6469640e-03,9.3552536e-01,7.2587742e-03,5.4394413e-02,1.7446505e-04]
8;3;1;[0.00185464,0.58900005,0.24638802,0.16193806,0.00081923]
9;1;1;[3.5491886e-03,9.4583505e-01,6.1561735e-03,4.4267606e-02,1.9198080e-04]
10;1;1;[0.00168148,0.6087235 ,0.22324115,0.16569678,0.00065705]
11;2;1;[6.0801175e-03,6.5103960e-01,1.4715737e-01,1.9540066e-01,3.2235277e-04]
12;0;0;[0.9313622 ,0.05927767,0.0044627 ,0.0033849 ,0.00151251]
2;1;1;[9.2689169e-04,9.2479873e-01,3.0917849e-03,7.0992738e-02,1.8986278e-04]
3;2;1;[0.00355737,0.5987178 ,0.3237711 ,0.07098134,0.00297246]
4;0;0;[9.8358768e-01,1.3774052e-02,1.0917792e-03,3.5994299e-04,1.1865722e-03]
2;2;1;[0.00478613,0.6629288 ,0.19236515,0.13911325,0.00080661]
3;0;0;[0.89976096,0.03658367,0.00377064,0.0024447 ,0.05743996]
2;3;1;[3.1995678e-03,6.6483808e-01,2.1046610e-01,1.2085738e-01,6.3877815e-04]
3;1;1;[1.5728775e-03,9.2496330e-01,5.7113077e-03,6.7161508e-02,5.9094897e-04]
4;3;1;[0.00092956,0.71473134,0.17988427,0.10289171,0.00156316]
5;1;1;[2.0138700e-03,9.4163519e-01,5.7111643e-03,5.0419006e-02,2.2067637e-04]
6;1;1;[0.00129765,0.5671753 ,0.2852356 ,0.14492427,0.00136718]
7;1;1;[9.4202254e-03,6.3113117e-01,1.9850768e-01,1.6045965e-01,4.8124100e-04]
8;2;1;[3.8297141e-03,5.7617640e-01,2.4347670e-01,1.7630781e-01,2.0942216e-04]
9;0;0;[0.9551422 ,0.03985988,0.00251368,0.00119412,0.00129018]
2;2;1;[3.9810766e-03,6.6125137e-01,2.0514445e-01,1.2896420e-01,6.5889797e-04]
3;0;0;[0.9672222 ,0.01102284,0.00211177,0.00109674,0.01854636]
2;0;0;[0.97096777,0.02432533,0.0017684 ,0.00112391,0.00181458]
2;2;1;[5.5076233e-03,5.8861434e-01,3.2638982e-01,7.9076178e-02,4.1205762e-04]
3;0;0;[0.96296835,0.01258619,0.00184202,0.00106442,0.02153899]
2;3;1;[0.00442234,0.67154795,0.19231836,0.13101478,0.0006966 ]
3;3;1;[2.0020583e-03,9.2456675e-01,5.7485993e-03,6.7195170e-02,4.8740668e-04]
4;1;1;[6.7887182e-04,8.9423579e-01,2.9403664e-02,7.5325318e-02,3.5641223e-04]
5;3;1;[3.5031587e-03,6.7833805e-01,1.9187211e-01,1.2561858e-01,6.6813640e-04]
6;1;1;[3.5757360e-03,9.2715436e-01,1.0227952e-02,5.8899056e-02,1.4286146e-04]
7;1;1;[0.00253718,0.51521593,0.34100777,0.14060378,0.00063534]
8;1;1;[1.1899828e-02,5.9294569e-01,1.9485869e-01,1.9996294e-01,3.3287637e-04]
9;2;1;[5.2671195e-03,5.2103329e-01,3.1005901e-01,1.6345587e-01,1.8478255e-04]
10;0;0;[9.6593106e-01,3.0072410e-02,2.0872378e-03,9.7129506e-04,9.3800027e-04]
2;3;1;[0.0020824 ,0.70173967,0.19075756,0.10393924,0.00148109]
3;1;1;[1.8189993e-03,8.8320118e-01,4.7195810e-03,1.1005389e-01,2.0622276e-04]
4;2;1;[0.00133324,0.55680954,0.36129308,0.07851867,0.00204548]
5;0;0;[0.95344484,0.04054929,0.00233816,0.00169177,0.001976  ]
2;1;1;[1.1675484e-03,9.3474579e-01,3.2390016e-03,6.0653914e-02,1.9370357e-04]
3;2;1;[0.00145556,0.72933435,0.18472119,0.08297325,0.0015158 ]
4;0;0;[9.7799450e-01,1.8681888e-02,1.4519811e-03,7.2173087e-04,1.1498698e-03]
2;0;0;[0.9085074 ,0.08016691,0.00421549,0.0045342 ,0.00257599]
2;0;0;[0.93994206,0.0494805 ,0.00308122,0.00141543,0.00608077]
2;0;0;[0.87850326,0.10477056,0.00500785,0.00333168,0.00838662]
2;0;0;[0.9287878 ,0.05618631,0.00383643,0.0020114 ,0.00917819]
2;0;0;[0.92697465,0.05731727,0.00352348,0.00232111,0.00986349]
2;0;0;[0.8965393 ,0.08084784,0.00413364,0.00371935,0.01475988]
2;0;0;[0.90693706,0.07224997,0.00451053,0.00327615,0.01302624]
2;2;1;[1.4415279e-03,8.5844135e-01,8.8612624e-02,5.0648060e-02,8.5653382e-04]
3;0;0;[0.5624147 ,0.12598793,0.00692673,0.00637852,0.29829213]
2;1;1;[7.2851934e-04,9.4930840e-01,4.1137622e-03,4.5599081e-02,2.5021605e-04]
3;2;1;[6.1016629e-04,7.9302657e-01,1.3813865e-01,6.5333068e-02,2.8915356e-03]
4;0;0;[0.86147505,0.11602347,0.00496754,0.00451409,0.0130199 ]
2;0;0;[0.89318436,0.09224556,0.00437636,0.00321172,0.00698195]
2;2;1;[0.00281102,0.69146985,0.18904397,0.11578957,0.00088563]
3;0;0;[0.85050464,0.02769179,0.00291464,0.00169473,0.11719411]
2;0;0;[0.92593277,0.06174336,0.00334942,0.00205019,0.00692426]
2;0;0;[0.90058607,0.08711673,0.0042551 ,0.00340383,0.00463831]
2;2;1;[3.07414378e-03,6.65156901e-01,2.12374181e-01,1.18734606e-01,6.60292455e-04]
3;0;0;[0.90286404,0.03078983,0.00339141,0.00182001,0.06113472]
2;1;1;[8.5710397e-04,9.4348007e-01,3.3231706e-03,5.2190583e-02,1.4906547e-04]
3;1;1;[0.00119895,0.7426132 ,0.15497953,0.09940923,0.00179916]
4;1;1;[2.9549778e-03,8.5162270e-01,6.8275608e-02,7.6680511e-02,4.6616961e-04]
5;1;1;[0.00211746,0.57931066,0.30331165,0.11454293,0.00071727]
6;2;1;[7.1572466e-03,5.4987949e-01,3.5203624e-01,9.0572469e-02,3.5453637e-04]
7;0;0;[9.8150796e-01,1.4694039e-02,1.4160771e-03,4.4191384e-04,1.9399608e-03]
2;1;1;[0.00430372,0.66617125,0.19557765,0.1331954 ,0.00075199]
3;2;1;[0.00260404,0.63302684,0.3154837 ,0.04773688,0.00114849]
4;0;0;[8.81118655e-01,1.48286251e-02,1.64319028e-03,5.62641944e-04,1.01846874e-01]
2;0;0;[0.9529137 ,0.04056488,0.00236322,0.00163721,0.002521  ]
2;2;1;[3.3162506e-03,6.4083427e-01,2.6686692e-01,8.8467494e-02,5.1506521e-04]
3;0;0;[0.9340225 ,0.01532357,0.00193032,0.00099176,0.04773185]
2;0;0;[0.91043335,0.07757561,0.00421016,0.00429153,0.00348937]
2;3;1;[0.00214694,0.64681095,0.13842157,0.21024501,0.00237546]
3;1;1;[1.66998419e-03,8.73298109e-01,3.40689742e-03,1.21464714e-01,1.60355761e-04]
4;1;1;[0.00084394,0.65332115,0.2736266 ,0.07030984,0.00189845]
5;1;1;[7.7308053e-03,5.7030082e-01,3.1101274e-01,1.1040482e-01,5.5083004e-04]
6;2;1;[4.4512106e-03,4.3431336e-01,4.2819318e-01,1.3279860e-01,2.4360446e-04]
7;0;0;[9.8235750e-01,1.3991959e-02,1.2726204e-03,4.5067116e-04,1.9272210e-03]
2;1;1;[1.1295348e-03,9.1242301e-01,2.9931089e-03,8.3246104e-02,2.0823655e-04]
3;2;1;[0.00114558,0.7423894 ,0.14772828,0.10700683,0.00172996]
4;0;0;[0.93248886,0.06065468,0.00273552,0.00228673,0.00183417]
2;0;0;[0.90745467,0.08146352,0.00417745,0.00433761,0.00256669]
2;0;0;[0.94584006,0.04685345,0.00275279,0.00233493,0.00221879]
2;1;1;[0.00432315,0.6860699 ,0.1804822 ,0.12838219,0.00074261]
3;2;1;[0.00230349,0.6591031 ,0.26460013,0.07315031,0.00084302]
4;0;0;[0.9677442 ,0.01759881,0.00321084,0.0011063 ,0.01033981]
2;0;0;[0.89773816,0.09189824,0.00403451,0.00392997,0.00239917]
2;0;0;[0.8980635 ,0.09156702,0.0040344 ,0.00394522,0.00238984]
2;1;1;[0.00421981,0.69871604,0.16951497,0.12675883,0.0007904 ]
3;1;2;[0.00564373,0.4485221 ,0.5037421 ,0.04151625,0.00057577]
4;2;2;[1.7245753e-02,4.3371832e-01,5.1367307e-01,3.4909099e-02,4.5380424e-04]
5;0;0;[9.7165775e-01,1.1201014e-02,2.6368122e-03,6.8888458e-04,1.3815466e-02]
2;1;1;[4.7190743e-04,9.4469476e-01,2.9896963e-03,5.1709849e-02,1.3377101e-04]
3;3;1;[5.7659904e-04,7.9225951e-01,1.3562170e-01,6.8569198e-02,2.9730026e-03]
4;1;1;[1.0003900e-03,9.1399336e-01,3.8392157e-03,8.0976307e-02,1.9067648e-04]
5;3;1;[0.00074023,0.5641903 ,0.3164012 ,0.11716481,0.00150336]
6;1;1;[3.0162400e-03,9.3307382e-01,4.6785795e-03,5.9050299e-02,1.8111253e-04]
7;3;1;[0.00103997,0.55258125,0.24189137,0.20374982,0.00073751]
8;1;1;[2.8768566e-03,9.3958336e-01,5.1200292e-03,5.2254546e-02,1.6515238e-04]
9;3;1;[1.0719766e-03,5.8637977e-01,2.0475945e-01,2.0720859e-01,5.8025663e-04]
10;1;1;[2.4491458e-03,9.3983948e-01,5.3639729e-03,5.2187938e-02,1.5938886e-04]
11;1;1;[9.9703495e-04,6.0694635e-01,1.8640527e-01,2.0516679e-01,4.8454307e-04]
12;2;1;[4.0067909e-03,6.4449340e-01,1.1417843e-01,2.3706219e-01,2.5911935e-04]
13;0;0;[0.9050103 ,0.08113495,0.00634381,0.00582597,0.00168501]
2;1;1;[4.7549221e-04,9.4500583e-01,2.9864097e-03,5.1398262e-02,1.3396036e-04]
3;3;1;[5.7500118e-04,7.9260319e-01,1.3542286e-01,6.8433419e-02,2.9655162e-03]
4;1;1;[1.0008070e-03,9.1404563e-01,3.8394355e-03,8.0923945e-02,1.9008675e-04]
5;3;1;[0.00074093,0.56383115,0.31600136,0.11792639,0.00150015]
6;1;1;[3.0085105e-03,9.3324232e-01,4.6748454e-03,5.8893654e-02,1.8069215e-04]
7;3;1;[0.00103942,0.552754  ,0.24174882,0.20372044,0.00073734]
8;1;1;[2.8761101e-03,9.3962896e-01,5.1259547e-03,5.2203689e-02,1.6526265e-04]
9;3;1;[1.0730049e-03,5.8640599e-01,2.0492002e-01,2.0702027e-01,5.8077194e-04]
10;1;1;[2.4495686e-03,9.3988383e-01,5.3689117e-03,5.2138180e-02,1.5948183e-04]
11;1;1;[9.9627126e-04,6.0705346e-01,1.8646717e-01,2.0499836e-01,4.8471845e-04]
12;2;1;[4.0007536e-03,6.4448529e-01,1.1424209e-01,2.3701251e-01,2.5934933e-04]
13;0;0;[0.9048214 ,0.08130166,0.0063548 ,0.00583344,0.00168879]
2;0;0;[0.9491536 ,0.04166806,0.00216217,0.00109974,0.00591634]
2;0;0;[0.8900051 ,0.0912754 ,0.00425723,0.00332963,0.01113268]
2;2;1;[0.00290001,0.659836  ,0.2771498 ,0.05898338,0.00113086]
3;0;0;[0.7145662 ,0.02329962,0.00239546,0.00092825,0.2588106 ]
2;3;1;[0.00163167,0.78778374,0.13389784,0.07529798,0.00138878]
3;1;1;[5.4871506e-04,9.0009916e-01,4.3713516e-03,9.4562940e-02,4.1787120e-04]
4;2;1;[0.00078767,0.6154402 ,0.28763884,0.09266065,0.00347265]
5;0;0;[0.87310404,0.1035625 ,0.00601369,0.00370962,0.01361011]
2;1;1;[0.00190878,0.7099404 ,0.17220496,0.11418874,0.0017571 ]
3;2;1;[0.0021666 ,0.7995148 ,0.12609038,0.0709927 ,0.0012356 ]
4;0;0;[8.2846916e-01,2.7728712e-02,3.3218390e-03,7.1882218e-04,1.3976154e-01]
2;2;1;[0.0049622 ,0.67182565,0.18145688,0.140911  ,0.00084417]
3;0;0;[0.92088413,0.02306245,0.00278356,0.00186312,0.05140669]
2;0;0;[0.92521304,0.06524605,0.0033341 ,0.00268074,0.00352598]
2;0;0;[0.9088638 ,0.0793796 ,0.00422015,0.00412866,0.00340773]
2;3;1;[1.0065105e-03,9.3981695e-01,3.2864942e-03,5.5717159e-02,1.7282747e-04]
3;1;1;[3.7395934e-04,8.6011845e-01,1.7563311e-02,1.2164106e-01,3.0321299e-04]
4;1;1;[2.43247207e-03,7.61462688e-01,1.24796256e-01,1.10714816e-01,5.93824487e-04]
5;3;1;[8.1952568e-03,5.2566046e-01,2.9263166e-01,1.7309362e-01,4.1899888e-04]
6;3;1;[5.3399191e-03,9.2309284e-01,1.1861282e-02,5.9539318e-02,1.6664751e-04]
7;1;1;[7.4081082e-04,9.0034676e-01,2.6106965e-02,7.2643906e-02,1.6168696e-04]
8;2;1;[3.8931340e-03,6.5516984e-01,1.5462038e-01,1.8590745e-01,4.0921665e-04]
9;1;0;[0.9246168 ,0.06506936,0.00532918,0.00389861,0.00108609]
10;2;1;[0.00413735,0.47270244,0.32168314,0.20092301,0.00055406]
11;0;0;[0.942673  ,0.05154087,0.00304586,0.00169261,0.00104772]
2;0;0;[0.930333  ,0.06133217,0.00309033,0.00272443,0.00252013]
2;0;0;[0.9314863 ,0.05958267,0.00332106,0.00314602,0.00246387]
2;1;1;[0.00135983,0.69806933,0.21198428,0.08780862,0.00077787]
3;2;1;[0.00130308,0.72451633,0.2142787 ,0.05832007,0.00158189]
4;0;0;[0.7688049 ,0.02625776,0.0031832 ,0.00119749,0.20055665]
2;0;0;[0.89248645,0.08787901,0.004206  ,0.00343252,0.01199602]
2;0;0;[0.9077374 ,0.07644244,0.00430618,0.00226991,0.00924415]
2;0;0;[0.8832708 ,0.0967338 ,0.00497198,0.00365276,0.01137073]
2;1;1;[0.00186986,0.7317264 ,0.17300928,0.09202246,0.00137205]
3;1;1;[0.00146485,0.75074536,0.17713949,0.06848092,0.00216936]
4;1;1;[0.00215349,0.6836985 ,0.2578608 ,0.05326474,0.00302255]
5;3;1;[0.00289663,0.6933176 ,0.23883653,0.06185421,0.00309509]
6;1;1;[2.2769524e-03,9.4568831e-01,7.0339739e-03,4.4122547e-02,8.7836670e-04]
7;2;1;[6.5108627e-04,6.8717653e-01,1.3274710e-01,1.7816308e-01,1.2621999e-03]
8;0;0;[0.8299228 ,0.15531056,0.00541947,0.00508528,0.00426193]
2;1;1;[0.00194192,0.70732313,0.18453847,0.10478836,0.00140825]
3;1;1;[0.00148868,0.74949485,0.1802811 ,0.06661136,0.00212403]
4;1;1;[0.00217134,0.6739296 ,0.2704637 ,0.0504557 ,0.00297969]
5;2;1;[0.00354287,0.680357  ,0.25650316,0.05625014,0.00334685]
6;0;0;[0.8241137 ,0.03099955,0.00297542,0.00095949,0.14095181]
2;1;1;[6.2727748e-04,9.5066297e-01,3.4715615e-03,4.5056880e-02,1.8135872e-04]
3;2;1;[6.9129182e-04,7.9433471e-01,1.4742519e-01,5.4937199e-02,2.6117086e-03]
4;0;0;[0.9157171 ,0.06937538,0.00326787,0.00262243,0.00901718]
2;2;1;[0.00160175,0.80000997,0.1259256 ,0.07110518,0.00135751]
3;0;0;[0.76261   ,0.13879554,0.00692508,0.00540618,0.08626322]
2;1;1;[6.7215040e-04,9.4494623e-01,3.2049962e-03,5.1040541e-02,1.3602592e-04]
3;2;1;[0.00124658,0.73641497,0.20044501,0.05877612,0.0031173 ]
4;0;0;[0.94593656,0.04527215,0.00219074,0.00148758,0.00511299]
2;1;1;[0.00279372,0.6910308 ,0.18985686,0.11544032,0.00087827]
3;2;1;[0.00165319,0.7085975 ,0.22548144,0.06268736,0.00158053]
4;0;0;[0.84603083,0.02570596,0.00309301,0.00106829,0.12410197]
2;0;0;[0.90593576,0.07746273,0.00407587,0.00366949,0.00885626]
2;2;1;[0.00441076,0.6646575 ,0.1976464 ,0.13254754,0.00073785]
3;0;0;[0.9138498 ,0.02521815,0.0028714 ,0.00178156,0.05627905]
2;0;0;[0.95123774,0.04143142,0.00278717,0.00197241,0.00257126]
2;0;0;[0.9504635 ,0.04310286,0.00261956,0.00187792,0.00193612]
2;0;0;[0.90623945,0.08284277,0.00415115,0.00418952,0.00257726]
2;0;0;[0.9500385 ,0.04334915,0.00260022,0.00185623,0.00215599]
2;1;1;[1.3095003e-03,9.1234350e-01,3.0102769e-03,8.3125882e-02,2.1086234e-04]
3;2;1;[0.00148735,0.7179145 ,0.18207215,0.09684388,0.0016821 ]
4;0;0;[0.963348  ,0.03246801,0.00186023,0.00108287,0.0012408 ]
2;0;0;[0.897256  ,0.09169374,0.00420842,0.00484911,0.00199283]
2;0;0;[0.8972872 ,0.09161869,0.00421984,0.00488744,0.00198677]
2;0;0;[0.8873456 ,0.09468574,0.00431061,0.00323737,0.0104206 ]
2;0;0;[0.8966152 ,0.07849195,0.00415888,0.0038965 ,0.01683746]
2;0;0;[0.9088096 ,0.07472212,0.0036462 ,0.00255065,0.01027149]
2;0;0;[0.8942706 ,0.08523476,0.00416975,0.00352325,0.0128017 ]
2;0;0;[0.8953514 ,0.08354822,0.00414936,0.00358722,0.01336381]
2;0;0;[0.90705794,0.08148521,0.00394364,0.00306313,0.00445013]
2;0;0;[0.93451995,0.05538631,0.00325331,0.00207494,0.00476553]
2;0;0;[0.9054684 ,0.07802602,0.00408873,0.00364889,0.00876795]
2;0;0;[0.92705137,0.06063734,0.00369934,0.00229853,0.00631337]
2;0;0;[0.9049782 ,0.0786339 ,0.00410214,0.00362583,0.00865987]
2;0;0;[0.8933973 ,0.0950123 ,0.00422275,0.00314164,0.00422607]
2;1;1;[7.8442850e-04,9.3882155e-01,3.1852524e-03,5.7053290e-02,1.5548497e-04]
3;1;1;[0.00112461,0.73926634,0.15280226,0.10482711,0.00197966]
4;2;1;[5.0488268e-03,8.0820644e-01,1.3237889e-01,5.3793423e-02,5.7251111e-04]
5;0;0;[0.95768917,0.02938822,0.00439311,0.00103788,0.00749163]
2;0;0;[0.92196304,0.06772145,0.00334682,0.00244352,0.00452515]
2;0;0;[0.92063004,0.06853341,0.00354872,0.00260204,0.00468571]
2;0;0;[0.9084519 ,0.0784144 ,0.00413005,0.00378117,0.00522244]
2;1;1;[8.3517650e-04,9.4230253e-01,3.2713499e-03,5.3440288e-02,1.5060764e-04]
3;1;1;[0.00118132,0.7410031 ,0.15393227,0.10203387,0.0018495 ]
4;1;1;[2.8049781e-03,8.5204840e-01,6.9413826e-02,7.5258985e-02,4.7381158e-04]
5;2;1;[0.00215832,0.57005507,0.31736293,0.10969754,0.00072608]
6;0;0;[0.9590701 ,0.03329102,0.00277901,0.00102306,0.00383695]
2;0;0;[0.9046666 ,0.0818454 ,0.00441139,0.003967  ,0.00510965]
2;0;0;[0.9088276 ,0.07942292,0.00422   ,0.00412432,0.00340515]
2;0;0;[0.9057755 ,0.08216706,0.00444744,0.00432607,0.00328393]
2;0;0;[0.90621126,0.08287398,0.00415064,0.00418657,0.0025776 ]
2;0;0;[0.9063004 ,0.08277011,0.00415344,0.00419855,0.00257752]
2;0;0;[0.92322224,0.06661118,0.00376791,0.00344864,0.00295009]
2;0;0;[0.9039462 ,0.08517621,0.00413813,0.00454291,0.00219659]
2;1;1;[5.2378839e-04,9.4882113e-01,3.0252149e-03,4.7488131e-02,1.4175734e-04]
3;2;1;[6.0819101e-04,7.9528648e-01,1.4212134e-01,5.9190091e-02,2.7938804e-03]
4;0;0;[0.87539524,0.10753289,0.00400059,0.00354392,0.00952743]
2;0;0;[0.88930345,0.08842723,0.00483692,0.00394273,0.01348965]
2;0;0;[0.90532184,0.08342994,0.00418277,0.00256647,0.00449896]
2;0;0;[0.8916488 ,0.09403586,0.00439614,0.00315973,0.00675952]
2;0;0;[0.8934039 ,0.09198888,0.00437311,0.0032193 ,0.00701474]
2;0;0;[0.903889  ,0.0799399 ,0.00413186,0.00357975,0.00845953]
2;0;0;[0.9137937 ,0.07576482,0.00364507,0.00245271,0.00434364]
2;1;1;[7.8726833e-04,9.3904877e-01,3.1887593e-03,5.6820028e-02,1.5517905e-04]
3;2;1;[0.00102951,0.7557741 ,0.17426369,0.06660422,0.00232855]
4;0;0;[0.9324638 ,0.05834509,0.00258542,0.00208229,0.00452328]
2;0;0;[0.9084473 ,0.07983159,0.00422364,0.0040972 ,0.00340023]
2;1;1;[0.00376081,0.67388785,0.19607215,0.1255941 ,0.00068507]
3;2;1;[0.00223601,0.6479528 ,0.27998242,0.0691159 ,0.00071297]
4;0;0;[0.954041  ,0.02033255,0.0033597 ,0.00121154,0.02105516]
2;0;0;[0.89520806,0.0838396 ,0.00415188,0.00357443,0.01322599]
2;1;0;[0.88715965,0.09191956,0.00520274,0.00403   ,0.01168806]
3;2;1;[0.0080954,0.3962826,0.3502926,0.2427763,0.0025532]
4;1;0;[0.88140136,0.10077052,0.00538088,0.00558698,0.00686022]
5;1;2;[0.0089125 ,0.17459324,0.68260866,0.13188584,0.00199975]
6;1;1;[0.04615188,0.48537147,0.34752113,0.12027362,0.00068192]
7;2;2;[8.4545994e-03,3.2996640e-01,5.5389780e-01,1.0739484e-01,2.8636356e-04]
8;0;0;[0.9568932 ,0.03414115,0.00611503,0.00130908,0.00154169]
2;0;0;[0.89348984,0.09192723,0.00437035,0.0032182 ,0.00699432]
2;2;1;[0.00182711,0.77112114,0.14648898,0.07926393,0.00129885]
3;0;0;[0.7406157 ,0.13768233,0.00678652,0.00612432,0.10879109]
2;3;1;[0.00315844,0.6650323 ,0.2111295 ,0.12001285,0.00066692]
3;1;1;[1.1276612e-03,9.3840712e-01,5.1632551e-03,5.4585923e-02,7.1608124e-04]
4;2;1;[6.9207646e-04,7.3318851e-01,1.6147174e-01,1.0258894e-01,2.0586785e-03]
5;0;0;[0.84280264,0.14114709,0.00635061,0.00468644,0.00501329]
2;0;0;[0.9045602 ,0.08257092,0.00422336,0.0036197 ,0.00502584]
2;0;0;[0.90570724,0.08291298,0.00421116,0.00385981,0.00330876]
2;0;0;[0.9117085 ,0.07612564,0.00419077,0.00442178,0.00355331]
